1111111111110000 105 0.894
1111111111101000 647 0.013
1111111111100100 519 0.374
1111111111100010 511 0.37
1111111111100001 356 0.886
1111111111011000 259 0.016
1111111111010100 428 0.805
1111111111010010 495 0.992
1111111111010001 647 0.013
1111111111001100 138 0.318
1111111111001010 841 0.572
1111111111001001 358 0.329
1111111111000110 495 0.281
1111111111000101 412 0.568
1111111111000011 227 0.5
1111111110111000 647 0.013
1111111110110100 495 0.992
1111111110110010 428 0.805
1111111110110001 259 0.016
1111111110101100 841 0.572
1111111110101010 247 0.521
1111111110101001 841 0.572
1111111110100110 596 0.412
1111111110100101 329 1.0
1111111110100011 412 0.568
1111111110011100 358 0.329
1111111110011010 841 0.572
1111111110011001 138 0.318
1111111110010110 298 0.281
1111111110010101 841 0.572
1111111110010011 358 0.329
1111111110001110 647 0.013
1111111110001101 259 0.016
1111111110001011 647 0.013
1111111110000111 356 0.886
1111111101111000 356 0.886
1111111101110100 511 0.37
1111111101110010 519 0.374
1111111101110001 647 0.013
1111111101101100 495 0.281
1111111101101010 596 0.412
1111111101101001 298 0.281
1111111101100110 158 0.328
1111111101100101 596 0.412
1111111101100011 495 0.281
1111111101011100 412 0.568
1111111101011010 329 1.0
1111111101011001 841 0.572
1111111101010110 596 0.412
1111111101010101 247 0.521
1111111101010011 841 0.572
1111111101001110 519 0.374
1111111101001101 428 0.805
1111111101001011 495 0.992
1111111101000111 511 0.37
1111111100111100 227 0.5
1111111100111010 412 0.568
1111111100111001 358 0.329
1111111100110110 495 0.281
1111111100110101 841 0.572
1111111100110011 138 0.318
1111111100101110 511 0.37
1111111100101101 495 0.992
1111111100101011 428 0.805
1111111100100111 519 0.374
1111111100011110 356 0.886
1111111100011101 647 0.013
1111111100011011 259 0.016
1111111100010111 647 0.013
1111111100001111 105 0.894
1111111011111000 527 0.976
1111111011110100 421 0.245
1111111011110010 401 0.957
1111111011110001 222 0.653
1111111011101100 647 0.013
1111111011101010 527 0.976
1111111011101001 299 0.57
1111111011100110 344 0.822
1111111011100101 439 0.906
1111111011100011 321 0.121
1111111011011100 841 0.572
1111111011011010 415 1.0
1111111011011001 493 0.15
1111111011010110 503 1.0
1111111011010101 335 0.874
1111111011010011 349 0.656
1111111011001110 259 0.016
1111111011001101 358 0.329
1111111011001011 493 0.15
1111111011000111 312 0.367
1111111010111100 658 0.547
1111111010111010 651 0.498
1111111010111001 277 0.884
1111111010110110 453 1.0
1111111010110101 418 1.0
1111111010110011 290 0.142
1111111010101110 229 0.598
1111111010101101 599 0.837
1111111010101011 283 0.765
1111111010100111 368 0.719
1111111010011110 290 0.464
1111111010011101 260 0.372
1111111010011011 493 0.15
1111111010010111 172 0.495
1111111010001111 647 0.013
1111111001111100 363 0.937
1111111001111010 432 1.0
1111111001111001 312 0.963
1111111001110110 428 0.835
1111111001110101 362 0.833
1111111001110011 354 0.417
1111111001101110 136 0.871
1111111001101101 371 0.871
1111111001101011 363 0.842
1111111001100111 180 0.656
1111111001011110 228 1.0
1111111001011101 288 0.994
1111111001011011 371 1.0
1111111001010111 368 0.719
1111111001001111 519 0.374
1111111000111110 189 0.484
1111111000111101 289 0.412
1111111000111011 287 0.544
1111111000110111 312 0.367
1111111000101111 511 0.37
1111111000011111 356 0.886
1111110111111000 229 0.598
1111110111110100 382 0.73
1111110111110010 378 0.238
1111110111110001 527 0.976
1111110111101100 841 0.572
1111110111101010 658 0.547
1111110111101001 599 0.837
1111110111100110 412 0.867
1111110111100101 441 1.0
1111110111100011 303 0.187
1111110111011100 647 0.013
1111110111011010 290 0.464
1111110111011001 647 0.013
1111110111010110 362 1.0
1111110111010101 527 0.976
1111110111010011 299 0.57
1111110111001110 358 0.329
1111110111001101 259 0.016
1111110111001011 260 0.372
1111110111000111 287 0.544
1111110110111100 599 0.837
1111110110111010 658 0.547
1111110110111001 841 0.572
1111110110110110 422 1.0
1111110110110101 415 1.0
1111110110110011 493 0.15
1111110110101110 599 0.837
1111110110101101 98 1.0
1111110110101011 599 0.837
1111110110100111 371 1.0
1111110110011110 260 0.372
1111110110011101 259 0.016
1111110110011011 358 0.329
1111110110010111 493 0.15
1111110110001111 259 0.016
1111110101111100 326 1.0
1111110101111010 359 1.0
1111110101111001 658 0.547
1111110101110110 384 0.018
1111110101110101 651 0.498
1111110101110011 277 0.884
1111110101101110 371 0.871
1111110101101101 163 1.0
1111110101101011 173 1.0
1111110101100111 363 0.842
1111110101011110 288 0.994
1111110101011101 229 0.598
1111110101011011 599 0.837
1111110101010111 283 0.765
1111110101001111 428 0.805
1111110100111110 289 0.412
1111110100111101 290 0.464
1111110100111011 260 0.372
1111110100110111 493 0.15
1111110100101111 495 0.992
1111110100011111 647 0.013
1111110011111100 247 0.521
1111110011111010 651 0.498
1111110011111001 283 0.765
1111110011110110 425 0.71
1111110011110101 361 0.992
1111110011110011 152 0.964
1111110011101110 647 0.013
1111110011101101 841 0.572
1111110011101011 277 0.884
1111110011100111 354 0.417
1111110011011110 841 0.572
1111110011011101 647 0.013
1111110011011011 493 0.15
1111110011010111 290 0.142
1111110011001111 138 0.318
1111110010111110 658 0.547
1111110010111101 599 0.837
1111110010111011 299 0.57
1111110010110111 349 0.656
1111110010101111 841 0.572
1111110010011111 358 0.329
1111110001111110 363 0.937
1111110001111101 326 1.0
1111110001111011 303 0.187
1111110001110111 321 0.121
1111110001101111 495 0.281
1111110001011111 412 0.568
1111110000111111 227 0.5
1111101111111000 527 0.976
1111101111110100 378 0.238
1111101111110010 382 0.73
1111101111110001 229 0.598
1111101111101100 277 0.884
1111101111101010 651 0.498
1111101111101001 658 0.547
1111101111100110 384 0.018
1111101111100101 359 1.0
1111101111100011 326 1.0
1111101111011100 493 0.15
1111101111011010 415 1.0
1111101111011001 841 0.572
1111101111010110 422 1.0
1111101111010101 658 0.547
1111101111010011 599 0.837
1111101111001110 493 0.15
1111101111001101 260 0.372
1111101111001011 290 0.464
1111101111000111 289 0.412
1111101110111100 299 0.57
1111101110111010 527 0.976
1111101110111001 647 0.013
1111101110110110 362 1.0
1111101110110101 290 0.464
1111101110110011 647 0.013
1111101110101110 283 0.765
1111101110101101 599 0.837
1111101110101011 229 0.598
1111101110100111 288 0.994
1111101110011110 493 0.15
1111101110011101 358 0.329
1111101110011011 259 0.016
1111101110010111 260 0.372
1111101110001111 647 0.013
1111101101111100 303 0.187
1111101101111010 441 1.0
1111101101111001 599 0.837
1111101101110110 412 0.867
1111101101110101 658 0.547
1111101101110011 841 0.572
1111101101101110 363 0.842
1111101101101101 173 1.0
1111101101101011 163 1.0
1111101101100111 371 0.871
1111101101011110 371 1.0
1111101101011101 599 0.837
1111101101011011 98 1.0
1111101101010111 599 0.837
1111101101001111 495 0.992
1111101100111110 287 0.544
1111101100111101 260 0.372
1111101100111011 259 0.016
1111101100110111 358 0.329
1111101100101111 428 0.805
1111101100011111 259 0.016
1111101011111100 651 0.498
1111101011111010 114 1.0
1111101011111001 651 0.498
1111101011110110 495 1.0
1111101011110101 204 1.0
1111101011110011 361 0.992
1111101011101110 527 0.976
1111101011101101 658 0.547
1111101011101011 651 0.498
1111101011100111 362 0.833
1111101011011110 415 1.0
1111101011011101 290 0.464
1111101011011011 415 1.0
1111101011010111 418 1.0
1111101011001111 841 0.572
1111101010111110 651 0.498
1111101010111101 658 0.547
1111101010111011 527 0.976
1111101010110111 335 0.874
1111101010101111 247 0.521
1111101010011111 841 0.572
1111101001111110 432 1.0
1111101001111101 359 1.0
1111101001111011 441 1.0
1111101001110111 439 0.906
1111101001101111 596 0.412
1111101001011111 329 1.0
1111101000111111 412 0.568
1111100111111100 283 0.765
1111100111111010 651 0.498
1111100111111001 247 0.521
1111100111110110 203 0.998
1111100111110101 651 0.498
1111100111110011 283 0.765
1111100111101110 299 0.57
1111100111101101 599 0.837
1111100111101011 658 0.547
1111100111100111 312 0.963
1111100111011110 493 0.15
1111100111011101 647 0.013
1111100111011011 841 0.572
1111100111010111 277 0.884
1111100111001111 358 0.329
1111100110111110 277 0.884
1111100110111101 841 0.572
1111100110111011 647 0.013
1111100110110111 493 0.15
1111100110101111 841 0.572
1111100110011111 138 0.318
1111100101111110 312 0.963
1111100101111101 658 0.547
1111100101111011 599 0.837
1111100101110111 299 0.57
1111100101101111 298 0.281
1111100101011111 841 0.572
1111100100111111 358 0.329
1111100011111110 527 0.976
1111100011111101 229 0.598
1111100011111011 527 0.976
1111100011110111 222 0.653
1111100011101111 647 0.013
1111100011011111 259 0.016
1111100010111111 647 0.013
1111100001111111 356 0.886
1111011111111000 222 0.653
1111011111110100 401 0.957
1111011111110010 421 0.245
1111011111110001 527 0.976
1111011111101100 354 0.417
1111011111101010 362 0.833
1111011111101001 312 0.963
1111011111100110 428 0.835
1111011111100101 432 1.0
1111011111100011 363 0.937
1111011111011100 290 0.142
1111011111011010 418 1.0
1111011111011001 277 0.884
1111011111010110 453 1.0
1111011111010101 651 0.498
1111011111010011 658 0.547
1111011111001110 312 0.367
1111011111001101 287 0.544
1111011111001011 289 0.412
1111011111000111 189 0.484
1111011110111100 349 0.656
1111011110111010 335 0.874
1111011110111001 493 0.15
1111011110110110 503 1.0
1111011110110101 415 1.0
1111011110110011 841 0.572
1111011110101110 368 0.719
1111011110101101 371 1.0
1111011110101011 288 0.994
1111011110100111 228 1.0
1111011110011110 172 0.495
1111011110011101 493 0.15
1111011110011011 260 0.372
1111011110010111 290 0.464
1111011110001111 356 0.886
1111011101111100 321 0.121
1111011101111010 439 0.906
1111011101111001 299 0.57
1111011101110110 344 0.822
1111011101110101 527 0.976
1111011101110011 647 0.013
1111011101101110 180 0.656
1111011101101101 363 0.842
1111011101101011 371 0.871
1111011101100111 136 0.871
1111011101011110 368 0.719
1111011101011101 283 0.765
1111011101011011 599 0.837
1111011101010111 229 0.598
1111011101001111 511 0.37
1111011100111110 312 0.367
1111011100111101 493 0.15
1111011100111011 358 0.329
1111011100110111 259 0.016
1111011100101111 519 0.374
1111011100011111 647 0.013
1111011011111100 425 0.71
1111011011111010 495 1.0
1111011011111001 203 0.998
1111011011110110 131 1.0
1111011011110101 495 1.0
1111011011110011 425 0.71
1111011011101110 344 0.822
1111011011101101 412 0.867
1111011011101011 384 0.018
1111011011100111 428 0.835
1111011011011110 503 1.0
1111011011011101 362 1.0
1111011011011011 422 1.0
1111011011010111 453 1.0
1111011011001111 495 0.281
1111011010111110 453 1.0
1111011010111101 422 1.0
1111011010111011 362 1.0
1111011010110111 503 1.0
1111011010101111 596 0.412
1111011010011111 298 0.281
1111011001111110 428 0.835
1111011001111101 384 0.018
1111011001111011 412 0.867
1111011001110111 344 0.822
1111011001101111 158 0.328
1111011001011111 596 0.412
1111011000111111 495 0.281
1111010111111100 361 0.992
1111010111111010 204 1.0
1111010111111001 651 0.498
1111010111110110 495 1.0
1111010111110101 114 1.0
1111010111110011 651 0.498
1111010111101110 439 0.906
1111010111101101 441 1.0
1111010111101011 359 1.0
1111010111100111 432 1.0
1111010111011110 335 0.874
1111010111011101 527 0.976
1111010111011011 658 0.547
1111010111010111 651 0.498
1111010111001111 412 0.568
1111010110111110 418 1.0
1111010110111101 415 1.0
1111010110111011 290 0.464
1111010110110111 415 1.0
1111010110101111 329 1.0
1111010110011111 841 0.572
1111010101111110 362 0.833
1111010101111101 651 0.498
1111010101111011 658 0.547
1111010101110111 527 0.976
1111010101101111 596 0.412
1111010101011111 247 0.521
1111010100111111 841 0.572
1111010011111110 421 0.245
1111010011111101 382 0.73
1111010011111011 378 0.238
1111010011110111 401 0.957
1111010011101111 519 0.374
1111010011011111 428 0.805
1111010010111111 495 0.992
1111010001111111 511 0.37
1111001111111100 152 0.964
1111001111111010 361 0.992
1111001111111001 283 0.765
1111001111110110 425 0.71
1111001111110101 651 0.498
1111001111110011 247 0.521
1111001111101110 321 0.121
1111001111101101 303 0.187
1111001111101011 326 1.0
1111001111100111 363 0.937
1111001111011110 349 0.656
1111001111011101 299 0.57
1111001111011011 599 0.837
1111001111010111 658 0.547
1111001111001111 227 0.5
1111001110111110 290 0.142
1111001110111101 493 0.15
1111001110111011 647 0.013
1111001110110111 841 0.572
1111001110101111 412 0.568
1111001110011111 358 0.329
1111001101111110 354 0.417
1111001101111101 277 0.884
1111001101111011 841 0.572
1111001101110111 647 0.013
1111001101101111 495 0.281
1111001101011111 841 0.572
1111001100111111 138 0.318
1111001011111110 401 0.957
1111001011111101 378 0.238
1111001011111011 382 0.73
1111001011110111 421 0.245
1111001011101111 511 0.37
1111001011011111 495 0.992
1111001010111111 428 0.805
1111001001111111 519 0.374
1111000111111110 222 0.653
1111000111111101 527 0.976
1111000111111011 229 0.598
1111000111110111 527 0.976
1111000111101111 356 0.886
1111000111011111 647 0.013
1111000110111111 259 0.016
1111000101111111 647 0.013
1111000011111111 105 0.894
1110111111111000 344 0.822
1110111111110100 313 1.0
1110111111110010 328 0.912
1110111111110001 187 0.557
1110111111101100 519 0.374
1110111111101010 421 0.245
1110111111101001 439 0.906
1110111111100110 313 1.0
1110111111100101 154 1.0
1110111111100011 239 0.94
1110111111011100 495 0.281
1110111111011010 503 1.0
1110111111011001 312 0.367
1110111111010110 153 1.0
1110111111010101 246 0.49
1110111111010011 221 0.74
1110111111001110 428 0.805
1110111111001101 412 0.568
1110111111001011 335 0.874
1110111111000111 246 0.49
1110111110111100 412 0.867
1110111110111010 425 0.71
1110111110111001 354 0.417
1110111110110110 315 1.0
1110111110110101 268 1.0
1110111110110011 192 0.902
1110111110101110 382 0.73
1110111110101101 441 1.0
1110111110101011 361 0.992
1110111110100111 272 1.0
1110111110011110 362 1.0
1110111110011101 287 0.544
1110111110011011 290 0.142
1110111110010111 174 0.994
1110111110001111 527 0.976
1110111101111100 263 0.108
1110111101111010 301 1.0
1110111101111001 226 0.927
1110111101110110 262 0.25
1110111101110101 260 0.998
1110111101110011 121 0.592
1110111101101110 227 0.168
1110111101101101 232 1.0
1110111101101011 255 1.0
1110111101100111 275 0.918
1110111101011110 222 1.0
1110111101011101 161 0.745
1110111101011011 187 1.0
1110111101010111 190 0.874
1110111101001111 421 0.245
1110111100111110 200 0.738
1110111100111101 185 0.8
1110111100111011 78 0.897
1110111100110111 192 0.902
1110111100101111 401 0.957
1110111100011111 222 0.653
1110111011111100 511 0.37
1110111011111010 401 0.957
1110111011111001 321 0.121
1110111011110110 328 0.912
1110111011110101 239 0.94
1110111011110011 122 0.629
1110111011101110 105 0.894
1110111011101101 356 0.886
1110111011101011 222 0.653
1110111011100111 187 0.557
1110111011011110 495 0.992
1110111011011101 227 0.5
1110111011011011 349 0.656
1110111011010111 221 0.74
1110111011001111 647 0.013
1110111010111110 378 0.238
1110111010111101 303 0.187
1110111010111011 152 0.964
1110111010110111 201 0.812
1110111010101111 527 0.976
1110111010011111 299 0.57
1110111001111110 240 0.75
1110111001111101 187 0.958
1110111001111011 183 0.749
1110111001110111 113 0.149
1110111001101111 344 0.822
1110111001011111 439 0.906
1110111000111111 321 0.121
1110110111111100 596 0.412
1110110111111010 453 1.0
1110110111111001 368 0.719
1110110111110110 315 1.0
1110110111110101 272 1.0
1110110111110011 201 0.812
1110110111101110 495 0.992
1110110111101101 329 1.0
1110110111101011 418 1.0
1110110111100111 268 1.0
1110110111011110 298 0.281
1110110111011101 356 0.886
1110110111011011 172 0.495
1110110111010111 174 0.994
1110110111001111 841 0.572
1110110110111110 422 1.0
1110110110111101 371 1.0
1110110110111011 349 0.656
1110110110110111 62 1.0
1110110110101111 415 1.0
1110110110011111 493 0.15
1110110101111110 230 1.0
1110110101111101 212 1.0
1110110101111011 90 1.0
1110110101110111 201 0.812
1110110101101111 503 1.0
1110110101011111 335 0.874
1110110100111111 349 0.656
1110110011111110 428 0.805
1110110011111101 412 0.568
1110110011111011 290 0.142
1110110011110111 192 0.902
1110110011101111 259 0.016
1110110011011111 358 0.329
1110110010111111 493 0.15
1110110001111111 312 0.367
1110101111111100 384 0.018
1110101111111010 495 1.0
1110101111111001 362 0.833
1110101111110110 148 1.0
1110101111110101 248 1.0
1110101111110011 190 0.874
1110101111101110 378 0.238
1110101111101101 359 1.0
1110101111101011 204 1.0
1110101111100111 248 1.0
1110101111011110 422 1.0
1110101111011101 289 0.412
1110101111011011 418 1.0
1110101111010111 63 1.0
1110101111001111 658 0.547
1110101110111110 203 0.998
1110101110111101 312 0.963
1110101110111011 222 0.653
1110101110110111 174 0.994
1110101110101111 651 0.498
1110101110011111 277 0.884
1110101101111110 231 1.0
1110101101111101 203 1.0
1110101101111011 187 1.0
1110101101110111 221 0.74
1110101101101111 453 1.0
1110101101011111 418 1.0
1110101100111111 290 0.142
1110101011111110 382 0.73
1110101011111101 326 1.0
1110101011111011 361 0.992
1110101011110111 190 0.874
1110101011101111 229 0.598
1110101011011111 599 0.837
1110101010111111 283 0.765
1110101001111111 368 0.719
1110100111111110 362 1.0
1110100111111101 288 0.994
1110100111111011 335 0.874
1110100111110111 174 0.994
1110100111101111 290 0.464
1110100111011111 260 0.372
1110100110111111 493 0.15
1110100101111111 172 0.495
1110100011111111 647 0.013
1110011111111100 221 0.436
1110011111111010 323 1.0
1110011111111001 203 0.426
1110011111110110 356 1.0
1110011111110101 154 1.0
1110011111110011 260 0.998
1110011111101110 240 0.75
1110011111101101 246 1.0
1110011111101011 194 1.0
1110011111100111 166 1.0
1110011111011110 230 1.0
1110011111011101 171 0.93
1110011111011011 203 1.0
1110011111010111 248 1.0
1110011111001111 363 0.937
1110011110111110 231 1.0
1110011110111101 122 1.0
1110011110111011 185 0.8
1110011110110111 268 1.0
1110011110101111 432 1.0
1110011110011111 312 0.963
1110011101111110 114 0.574
1110011101111101 203 0.426
1110011101111011 226 0.927
1110011101110111 187 0.557
1110011101101111 428 0.835
1110011101011111 362 0.833
1110011100111111 354 0.417
1110011011111110 227 0.168
1110011011111101 229 0.726
1110011011111011 192 0.398
1110011011110111 275 0.918
1110011011101111 136 0.871
1110011011011111 371 0.871
1110011010111111 363 0.842
1110011001111111 180 0.656
1110010111111110 222 1.0
1110010111111101 95 1.0
1110010111111011 212 1.0
1110010111110111 272 1.0
1110010111101111 228 1.0
1110010111011111 288 0.994
1110010110111111 371 1.0
1110010101111111 368 0.719
1110010011111111 519 0.374
1110001111111110 200 0.738
1110001111111101 171 0.93
1110001111111011 161 0.745
1110001111110111 246 0.49
1110001111101111 189 0.484
1110001111011111 289 0.412
1110001110111111 287 0.544
1110001101111111 312 0.367
1110001011111111 511 0.37
1110000111111111 356 0.886
1101111111111000 136 0.871
1101111111110100 227 0.168
1101111111110010 240 0.75
1101111111110001 344 0.822
1101111111101100 495 0.281
1101111111101010 363 0.937
1101111111101001 371 0.871
1101111111100110 263 0.108
1101111111100101 232 1.0
1101111111100011 187 0.958
1101111111011100 519 0.374
1101111111011010 228 1.0
1101111111011001 519 0.374
1101111111010110 222 1.0
1101111111010101 421 0.245
1101111111010011 439 0.906
1101111111001110 412 0.568
1101111111001101 428 0.805
1101111111001011 288 0.994
1101111111000111 161 0.745
1101111110111100 371 0.871
1101111110111010 363 0.937
1101111110111001 495 0.281
1101111110110110 230 1.0
1101111110110101 503 1.0
1101111110110011 312 0.367
1101111110101110 326 1.0
1101111110101101 163 1.0
1101111110101011 326 1.0
1101111110100111 212 1.0
1101111110011110 288 0.994
1101111110011101 428 0.805
1101111110011011 412 0.568
1101111110010111 335 0.874
1101111110001111 229 0.598
1101111101111100 229 0.726
1101111101111010 246 1.0
1101111101111001 412 0.867
1101111101110110 221 0.436
1101111101110101 425 0.71
1101111101110011 354 0.417
1101111101101110 229 0.726
1101111101101101 104 1.0
1101111101101011 223 1.0
1101111101100111 192 0.398
1101111101011110 95 1.0
1101111101011101 382 0.73
1101111101011011 441 1.0
1101111101010111 361 0.992
1101111101001111 382 0.73
1101111100111110 171 0.93
1101111100111101 362 1.0
1101111100111011 287 0.544
1101111100110111 290 0.142
1101111100101111 378 0.238
1101111100011111 527 0.976
1101111011111100 596 0.412
1101111011111010 432 1.0
1101111011111001 363 0.842
1101111011110110 301 1.0
1101111011110101 255 1.0
1101111011110011 183 0.749
1101111011101110 356 0.886
1101111011101101 298 0.281
1101111011101011 312 0.963
1101111011100111 226 0.927
1101111011011110 329 1.0
1101111011011101 495 0.992
1101111011011011 371 1.0
1101111011010111 187 1.0
1101111011001111 841 0.572
1101111010111110 359 1.0
1101111010111101 173 1.0
1101111010111011 303 0.187
1101111010110111 90 1.0
1101111010101111 658 0.547
1101111010011111 599 0.837
1101111001111110 246 1.0
1101111001111101 223 1.0
1101111001111011 60 1.0
1101111001110111 183 0.749
1101111001101111 412 0.867
1101111001011111 441 1.0
1101111000111111 303 0.187
1101110111111100 511 0.37
1101110111111010 189 0.484
1101110111111001 511 0.37
1101110111110110 200 0.738
1101110111110101 401 0.957
1101110111110011 321 0.121
1101110111101110 227 0.5
1101110111101101 495 0.992
1101110111101011 289 0.412
1101110111100111 185 0.8
1101110111011110 356 0.886
1101110111011101 105 0.894
1101110111011011 356 0.886
1101110111010111 222 0.653
1101110111001111 647 0.013
1101110110111110 289 0.412
1101110110111101 495 0.992
1101110110111011 227 0.5
1101110110110111 349 0.656
1101110110101111 290 0.464
1101110110011111 647 0.013
1101110101111110 171 0.93
1101110101111101 378 0.238
1101110101111011 303 0.187
1101110101110111 152 0.964
1101110101101111 362 1.0
1101110101011111 527 0.976
1101110100111111 299 0.57
1101110011111110 412 0.568
1101110011111101 428 0.805
1101110011111011 287 0.544
1101110011110111 78 0.897
1101110011101111 358 0.329
1101110011011111 259 0.016
1101110010111111 260 0.372
1101110001111111 287 0.544
1101101111111100 363 0.842
1101101111111010 432 1.0
1101101111111001 596 0.412
1101101111110110 231 1.0
1101101111110101 453 1.0
1101101111110011 368 0.719
1101101111101110 303 0.187
1101101111101101 173 1.0
1101101111101011 359 1.0
1101101111100111 203 1.0
1101101111011110 371 1.0
1101101111011101 495 0.992
1101101111011011 329 1.0
1101101111010111 418 1.0
1101101111001111 599 0.837
1101101110111110 312 0.963
1101101110111101 298 0.281
1101101110111011 356 0.886
1101101110110111 172 0.495
1101101110101111 658 0.547
1101101110011111 841 0.572
1101101101111110 122 1.0
1101101101111101 422 1.0
1101101101111011 371 1.0
1101101101110111 349 0.656
1101101101101111 422 1.0
1101101101011111 415 1.0
1101101100111111 493 0.15
1101101011111110 441 1.0
1101101011111101 163 1.0
1101101011111011 441 1.0
1101101011110111 187 1.0
1101101011101111 599 0.837
1101101011011111 98 1.0
1101101010111111 599 0.837
1101101001111111 371 1.0
1101100111111110 287 0.544
1101100111111101 428 0.805
1101100111111011 412 0.568
1101100111110111 290 0.142
1101100111101111 260 0.372
1101100111011111 259 0.016
1101100110111111 358 0.329
1101100101111111 493 0.15
1101100011111111 259 0.016
1101011111111100 192 0.398
1101011111111010 194 1.0
1101011111111001 384 0.018
1101011111110110 323 1.0
1101011111110101 495 1.0
1101011111110011 362 0.833
1101011111101110 187 0.958
1101011111101101 223 1.0
1101011111101011 45 1.0
1101011111100111 194 1.0
1101011111011110 212 1.0
1101011111011101 378 0.238
1101011111011011 359 1.0
1101011111010111 204 1.0
1101011111001111 326 1.0
1101011110111110 203 1.0
1101011110111101 422 1.0
1101011110111011 289 0.412
1101011110110111 418 1.0
1101011110101111 359 1.0
1101011110011111 658 0.547
1101011101111110 203 0.426
1101011101111101 203 0.998
1101011101111011 312 0.963
1101011101110111 222 0.653
1101011101101111 384 0.018
1101011101011111 651 0.498
1101011100111111 277 0.884
1101011011111110 232 1.0
1101011011111101 104 1.0
1101011011111011 223 1.0
1101011011110111 255 1.0
1101011011101111 371 0.871
1101011011011111 163 1.0
1101011010111111 173 1.0
1101011001111111 363 0.842
1101010111111110 161 0.745
1101010111111101 382 0.73
1101010111111011 326 1.0
1101010111110111 361 0.992
1101010111101111 288 0.994
1101010111011111 229 0.598
1101010110111111 599 0.837
1101010101111111 283 0.765
1101010011111111 428 0.805
1101001111111110 185 0.8
1101001111111101 362 1.0
1101001111111011 288 0.994
1101001111110111 335 0.874
1101001111101111 289 0.412
1101001111011111 290 0.464
1101001110111111 260 0.372
1101001101111111 493 0.15
1101001011111111 495 0.992
1101000111111111 647 0.013
1100111111111100 158 0.328
1100111111111010 428 0.835
1100111111111001 180 0.656
1100111111110110 262 0.25
1100111111110101 275 0.918
1100111111110011 113 0.149
1100111111101110 511 0.37
1100111111101101 596 0.412
1100111111101011 362 0.833
1100111111100111 260 0.998
1100111111011110 596 0.412
1100111111011101 511 0.37
1100111111011011 368 0.719
1100111111010111 190 0.874
1100111111001111 247 0.521
1100111110111110 384 0.018
1100111110111101 363 0.842
1100111110111011 321 0.121
1100111110110111 201 0.812
1100111110101111 651 0.498
1100111110011111 283 0.765
1100111101111110 221 0.436
1100111101111101 192 0.398
1100111101111011 183 0.749
1100111101110111 122 0.629
1100111101101111 425 0.71
1100111101011111 361 0.992
1100111100111111 152 0.964
1100111011111110 519 0.374
1100111011111101 495 0.281
1100111011111011 354 0.417
1100111011110111 121 0.592
1100111011101111 647 0.013
1100111011011111 841 0.572
1100111010111111 277 0.884
1100111001111111 354 0.417
1100110111111110 495 0.281
1100110111111101 519 0.374
1100110111111011 312 0.367
1100110111110111 192 0.902
1100110111101111 841 0.572
1100110111011111 647 0.013
1100110110111111 493 0.15
1100110101111111 290 0.142
1100110011111111 138 0.318
1100101111111110 412 0.867
1100101111111101 371 0.871
1100101111111011 439 0.906
1100101111110111 221 0.74
1100101111101111 658 0.547
1100101111011111 599 0.837
1100101110111111 299 0.57
1100101101111111 349 0.656
1100101011111111 841 0.572
1100100111111111 358 0.329
1100011111111110 263 0.108
1100011111111101 229 0.726
1100011111111011 187 0.958
1100011111110111 239 0.94
1100011111101111 363 0.937
1100011111011111 326 1.0
1100011110111111 303 0.187
1100011101111111 321 0.121
1100011011111111 495 0.281
1100010111111111 412 0.568
1100001111111111 227 0.5
1011111111111000 344 0.822
1011111111110100 240 0.75
1011111111110010 227 0.168
1011111111110001 136 0.871
1011111111101100 354 0.417
1011111111101010 425 0.71
1011111111101001 412 0.867
1011111111100110 221 0.436
1011111111100101 246 1.0
1011111111100011 229 0.726
1011111111011100 312 0.367
1011111111011010 503 1.0
1011111111011001 495 0.281
1011111111010110 230 1.0
1011111111010101 363 0.937
1011111111010011 371 0.871
1011111111001110 290 0.142
1011111111001101 287 0.544
1011111111001011 362 1.0
1011111111000111 171 0.93
1011111110111100 439 0.906
1011111110111010 421 0.245
1011111110111001 519 0.374
1011111110110110 222 1.0
1011111110110101 228 1.0
1011111110110011 519 0.374
1011111110101110 361 0.992
1011111110101101 441 1.0
1011111110101011 382 0.73
1011111110100111 95 1.0
1011111110011110 335 0.874
1011111110011101 412 0.568
1011111110011011 428 0.805
1011111110010111 288 0.994
1011111110001111 527 0.976
1011111101111100 187 0.958
1011111101111010 232 1.0
1011111101111001 371 0.871
1011111101110110 263 0.108
1011111101110101 363 0.937
1011111101110011 495 0.281
1011111101101110 192 0.398
1011111101101101 223 1.0
1011111101101011 104 1.0
1011111101100111 229 0.726
1011111101011110 212 1.0
1011111101011101 326 1.0
1011111101011011 163 1.0
1011111101010111 326 1.0
1011111101001111 378 0.238
1011111100111110 161 0.745
1011111100111101 288 0.994
1011111100111011 428 0.805
1011111100110111 412 0.568
1011111100101111 382 0.73
1011111100011111 229 0.598
1011111011111100 362 0.833
1011111011111010 495 1.0
1011111011111001 384 0.018
1011111011110110 323 1.0
1011111011110101 194 1.0
1011111011110011 192 0.398
1011111011101110 222 0.653
1011111011101101 312 0.963
1011111011101011 203 0.998
1011111011100111 203 0.426
1011111011011110 418 1.0
1011111011011101 289 0.412
1011111011011011 422 1.0
1011111011010111 203 1.0
1011111011001111 277 0.884
1011111010111110 204 1.0
1011111010111101 359 1.0
1011111010111011 378 0.238
1011111010110111 212 1.0
1011111010101111 651 0.498
1011111010011111 658 0.547
1011111001111110 194 1.0
1011111001111101 45 1.0
1011111001111011 223 1.0
1011111001110111 187 0.958
1011111001101111 384 0.018
1011111001011111 359 1.0
1011111000111111 326 1.0
1011110111111100 368 0.719
1011110111111010 453 1.0
1011110111111001 596 0.412
1011110111110110 231 1.0
1011110111110101 432 1.0
1011110111110011 363 0.842
1011110111101110 349 0.656
1011110111101101 371 1.0
1011110111101011 422 1.0
1011110111100111 122 1.0
1011110111011110 172 0.495
1011110111011101 356 0.886
1011110111011011 298 0.281
1011110111010111 312 0.963
1011110111001111 493 0.15
1011110110111110 418 1.0
1011110110111101 329 1.0
1011110110111011 495 0.992
1011110110110111 371 1.0
1011110110101111 415 1.0
1011110110011111 841 0.572
1011110101111110 203 1.0
1011110101111101 359 1.0
1011110101111011 173 1.0
1011110101110111 303 0.187
1011110101101111 422 1.0
1011110101011111 658 0.547
1011110100111111 599 0.837
1011110011111110 335 0.874
1011110011111101 288 0.994
1011110011111011 362 1.0
1011110011110111 185 0.8
1011110011101111 493 0.15
1011110011011111 260 0.372
1011110010111111 290 0.464
1011110001111111 289 0.412
1011101111111100 321 0.121
1011101111111010 401 0.957
1011101111111001 511 0.37
1011101111110110 200 0.738
1011101111110101 189 0.484
1011101111110011 511 0.37
1011101111101110 152 0.964
1011101111101101 303 0.187
1011101111101011 378 0.238
1011101111100111 171 0.93
1011101111011110 349 0.656
1011101111011101 227 0.5
1011101111011011 495 0.992
1011101111010111 289 0.412
1011101111001111 299 0.57
1011101110111110 222 0.653
1011101110111101 356 0.886
1011101110111011 105 0.894
1011101110110111 356 0.886
1011101110101111 527 0.976
1011101110011111 647 0.013
1011101101111110 185 0.8
1011101101111101 289 0.412
1011101101111011 495 0.992
1011101101110111 227 0.5
1011101101101111 362 1.0
1011101101011111 290 0.464
1011101100111111 647 0.013
1011101011111110 361 0.992
1011101011111101 326 1.0
1011101011111011 382 0.73
1011101011110111 161 0.745
1011101011101111 283 0.765
1011101011011111 599 0.837
1011101010111111 229 0.598
1011101001111111 288 0.994
1011100111111110 290 0.142
1011100111111101 412 0.568
1011100111111011 428 0.805
1011100111110111 287 0.544
1011100111101111 493 0.15
1011100111011111 358 0.329
1011100110111111 259 0.016
1011100101111111 260 0.372
1011100011111111 647 0.013
1011011111111100 183 0.749
1011011111111010 255 1.0
1011011111111001 363 0.842
1011011111110110 301 1.0
1011011111110101 432 1.0
1011011111110011 596 0.412
1011011111101110 183 0.749
1011011111101101 60 1.0
1011011111101011 223 1.0
1011011111100111 246 1.0
1011011111011110 90 1.0
1011011111011101 303 0.187
1011011111011011 173 1.0
1011011111010111 359 1.0
1011011111001111 303 0.187
1011011110111110 187 1.0
1011011110111101 371 1.0
1011011110111011 495 0.992
1011011110110111 329 1.0
1011011110101111 441 1.0
1011011110011111 599 0.837
1011011101111110 226 0.927
1011011101111101 312 0.963
1011011101111011 298 0.281
1011011101110111 356 0.886
1011011101101111 412 0.867
1011011101011111 658 0.547
1011011100111111 841 0.572
1011011011111110 255 1.0
1011011011111101 223 1.0
1011011011111011 104 1.0
1011011011110111 232 1.0
1011011011101111 363 0.842
1011011011011111 173 1.0
1011011010111111 163 1.0
1011011001111111 371 0.871
1011010111111110 187 1.0
1011010111111101 441 1.0
1011010111111011 163 1.0
1011010111110111 441 1.0
1011010111101111 371 1.0
1011010111011111 599 0.837
1011010110111111 98 1.0
1011010101111111 599 0.837
1011010011111111 495 0.992
1011001111111110 78 0.897
1011001111111101 287 0.544
1011001111111011 428 0.805
1011001111110111 412 0.568
1011001111101111 287 0.544
1011001111011111 260 0.372
1011001110111111 259 0.016
1011001101111111 358 0.329
1011001011111111 428 0.805
1011000111111111 259 0.016
1010111111111100 428 0.835
1010111111111010 131 1.0
1010111111111001 428 0.835
1010111111110110 356 1.0
1010111111110101 166 1.0
1010111111110011 275 0.918
1010111111101110 401 0.957
1010111111101101 432 1.0
1010111111101011 495 1.0
1010111111100111 154 1.0
1010111111011110 453 1.0
1010111111011101 189 0.484
1010111111011011 453 1.0
1010111111010111 248 1.0
1010111111001111 651 0.498
1010111110111110 495 1.0
1010111110111101 432 1.0
1010111110111011 401 0.957
1010111110110111 272 1.0
1010111110101111 114 1.0
1010111110011111 651 0.498
1010111101111110 323 1.0
1010111101111101 194 1.0
1010111101111011 255 1.0
1010111101110111 239 0.94
1010111101101111 495 1.0
1010111101011111 204 1.0
1010111100111111 361 0.992
1010111011111110 421 0.245
1010111011111101 363 0.937
1010111011111011 425 0.71
1010111011110111 260 0.998
1010111011101111 527 0.976
1010111011011111 658 0.547
1010111010111111 651 0.498
1010111001111111 362 0.833
1010110111111110 503 1.0
1010110111111101 228 1.0
1010110111111011 503 1.0
1010110111110111 268 1.0
1010110111101111 415 1.0
1010110111011111 290 0.464
1010110110111111 415 1.0
1010110101111111 418 1.0
1010110011111111 841 0.572
1010101111111110 425 0.71
1010101111111101 363 0.937
1010101111111011 421 0.245
1010101111110111 246 0.49
1010101111101111 651 0.498
1010101111011111 658 0.547
1010101110111111 527 0.976
1010101101111111 335 0.874
1010101011111111 247 0.521
1010100111111111 841 0.572
1010011111111110 301 1.0
1010011111111101 246 1.0
1010011111111011 232 1.0
1010011111110111 154 1.0
1010011111101111 432 1.0
1010011111011111 359 1.0
1010011110111111 441 1.0
1010011101111111 439 0.906
1010011011111111 596 0.412
1010010111111111 329 1.0
1010001111111111 412 0.568
1001111111111100 180 0.656
1001111111111010 428 0.835
1001111111111001 158 0.328
1001111111110110 114 0.574
1001111111110101 428 0.835
1001111111110011 180 0.656
1001111111101110 321 0.121
1001111111101101 363 0.842
1001111111101011 384 0.018
1001111111100111 203 0.426
1001111111011110 368 0.719
1001111111011101 511 0.37
1001111111011011 596 0.412
1001111111010111 362 0.833
1001111111001111 283 0.765
1001111110111110 362 0.833
1001111110111101 596 0.412
1001111110111011 511 0.37
1001111110110111 368 0.719
1001111110101111 651 0.498
1001111110011111 247 0.521
1001111101111110 203 0.426
1001111101111101 384 0.018
1001111101111011 363 0.842
1001111101110111 321 0.121
1001111101101111 203 0.998
1001111101011111 651 0.498
1001111100111111 283 0.765
1001111011111110 439 0.906
1001111011111101 371 0.871
1001111011111011 412 0.867
1001111011110111 226 0.927
1001111011101111 299 0.57
1001111011011111 599 0.837
1001111010111111 658 0.547
1001111001111111 312 0.963
1001110111111110 312 0.367
1001110111111101 519 0.374
1001110111111011 495 0.281
1001110111110111 354 0.417
1001110111101111 493 0.15
1001110111011111 647 0.013
1001110110111111 841 0.572
1001110101111111 277 0.884
1001110011111111 358 0.329
1001101111111110 354 0.417
1001101111111101 495 0.281
1001101111111011 519 0.374
1001101111110111 312 0.367
1001101111101111 277 0.884
1001101111011111 841 0.572
1001101110111111 647 0.013
1001101101111111 493 0.15
1001101011111111 841 0.572
1001100111111111 138 0.318
1001011111111110 226 0.927
1001011111111101 412 0.867
1001011111111011 371 0.871
1001011111110111 439 0.906
1001011111101111 312 0.963
1001011111011111 658 0.547
1001011110111111 599 0.837
1001011101111111 299 0.57
1001011011111111 298 0.281
1001010111111111 841 0.572
1001001111111111 358 0.329
1000111111111110 344 0.822
1000111111111101 136 0.871
1000111111111011 344 0.822
1000111111110111 187 0.557
1000111111101111 527 0.976
1000111111011111 229 0.598
1000111110111111 527 0.976
1000111101111111 222 0.653
1000111011111111 647 0.013
1000110111111111 259 0.016
1000101111111111 647 0.013
1000011111111111 356 0.886
0111111111111000 187 0.557
0111111111110100 328 0.912
0111111111110010 313 1.0
0111111111110001 344 0.822
0111111111101100 121 0.592
0111111111101010 260 0.998
0111111111101001 226 0.927
0111111111100110 262 0.25
0111111111100101 301 1.0
0111111111100011 263 0.108
0111111111011100 192 0.902
0111111111011010 268 1.0
0111111111011001 354 0.417
0111111111010110 315 1.0
0111111111010101 425 0.71
0111111111010011 412 0.867
0111111111001110 192 0.902
0111111111001101 78 0.897
0111111111001011 185 0.8
0111111111000111 200 0.738
0111111110111100 221 0.74
0111111110111010 246 0.49
0111111110111001 312 0.367
0111111110110110 153 1.0
0111111110110101 503 1.0
0111111110110011 495 0.281
0111111110101110 190 0.874
0111111110101101 187 1.0
0111111110101011 161 0.745
0111111110100111 222 1.0
0111111110011110 174 0.994
0111111110011101 290 0.142
0111111110011011 287 0.544
0111111110010111 362 1.0
0111111110001111 222 0.653
0111111101111100 239 0.94
0111111101111010 154 1.0
0111111101111001 439 0.906
0111111101110110 313 1.0
0111111101110101 421 0.245
0111111101110011 519 0.374
0111111101101110 275 0.918
0111111101101101 255 1.0
0111111101101011 232 1.0
0111111101100111 227 0.168
0111111101011110 272 1.0
0111111101011101 361 0.992
0111111101011011 441 1.0
0111111101010111 382 0.73
0111111101001111 401 0.957
0111111100111110 246 0.49
0111111100111101 335 0.874
0111111100111011 412 0.568
0111111100110111 428 0.805
0111111100101111 421 0.245
0111111100011111 527 0.976
0111111011111100 260 0.998
0111111011111010 154 1.0
0111111011111001 203 0.426
0111111011110110 356 1.0
0111111011110101 323 1.0
0111111011110011 221 0.436
0111111011101110 187 0.557
0111111011101101 226 0.927
0111111011101011 203 0.426
0111111011100111 114 0.574
0111111011011110 268 1.0
0111111011011101 185 0.8
0111111011011011 122 1.0
0111111011010111 231 1.0
0111111011001111 354 0.417
0111111010111110 248 1.0
0111111010111101 203 1.0
0111111010111011 171 0.93
0111111010110111 230 1.0
0111111010101111 362 0.833
0111111010011111 312 0.963
0111111001111110 166 1.0
0111111001111101 194 1.0
0111111001111011 246 1.0
0111111001110111 240 0.75
0111111001101111 428 0.835
0111111001011111 432 1.0
0111111000111111 363 0.937
0111110111111100 190 0.874
0111110111111010 248 1.0
0111110111111001 362 0.833
0111110111110110 148 1.0
0111110111110101 495 1.0
0111110111110011 384 0.018
0111110111101110 221 0.74
0111110111101101 187 1.0
0111110111101011 203 1.0
0111110111100111 231 1.0
0111110111011110 174 0.994
0111110111011101 222 0.653
0111110111011011 312 0.963
0111110111010111 203 0.998
0111110111001111 290 0.142
0111110110111110 63 1.0
0111110110111101 418 1.0
0111110110111011 289 0.412
0111110110110111 422 1.0
0111110110101111 418 1.0
0111110110011111 277 0.884
0111110101111110 248 1.0
0111110101111101 204 1.0
0111110101111011 359 1.0
0111110101110111 378 0.238
0111110101101111 453 1.0
0111110101011111 651 0.498
0111110100111111 658 0.547
0111110011111110 246 0.49
0111110011111101 161 0.745
0111110011111011 171 0.93
0111110011110111 200 0.738
0111110011101111 312 0.367
0111110011011111 287 0.544
0111110010111111 289 0.412
0111110001111111 189 0.484
0111101111111100 201 0.812
0111101111111010 272 1.0
0111101111111001 368 0.719
0111101111110110 315 1.0
0111101111110101 453 1.0
0111101111110011 596 0.412
0111101111101110 201 0.812
0111101111101101 90 1.0
0111101111101011 212 1.0
0111101111100111 230 1.0
0111101111011110 62 1.0
0111101111011101 349 0.656
0111101111011011 371 1.0
0111101111010111 422 1.0
0111101111001111 349 0.656
0111101110111110 174 0.994
0111101110111101 172 0.495
0111101110111011 356 0.886
0111101110110111 298 0.281
0111101110101111 335 0.874
0111101110011111 493 0.15
0111101101111110 268 1.0
0111101101111101 418 1.0
0111101101111011 329 1.0
0111101101110111 495 0.992
0111101101101111 503 1.0
0111101101011111 415 1.0
0111101100111111 841 0.572
0111101011111110 272 1.0
0111101011111101 212 1.0
0111101011111011 95 1.0
0111101011110111 222 1.0
0111101011101111 368 0.719
0111101011011111 371 1.0
0111101010111111 288 0.994
0111101001111111 228 1.0
0111100111111110 174 0.994
0111100111111101 335 0.874
0111100111111011 288 0.994
0111100111110111 362 1.0
0111100111101111 172 0.495
0111100111011111 493 0.15
0111100110111111 260 0.372
0111100101111111 290 0.464
0111100011111111 356 0.886
0111011111111100 122 0.629
0111011111111010 239 0.94
0111011111111001 321 0.121
0111011111110110 328 0.912
0111011111110101 401 0.957
0111011111110011 511 0.37
0111011111101110 113 0.149
0111011111101101 183 0.749
0111011111101011 187 0.958
0111011111100111 240 0.75
0111011111011110 201 0.812
0111011111011101 152 0.964
0111011111011011 303 0.187
0111011111010111 378 0.238
0111011111001111 321 0.121
0111011110111110 221 0.74
0111011110111101 349 0.656
0111011110111011 227 0.5
0111011110110111 495 0.992
0111011110101111 439 0.906
0111011110011111 299 0.57
0111011101111110 187 0.557
0111011101111101 222 0.653
0111011101111011 356 0.886
0111011101110111 105 0.894
0111011101101111 344 0.822
0111011101011111 527 0.976
0111011100111111 647 0.013
0111011011111110 275 0.918
0111011011111101 192 0.398
0111011011111011 229 0.726
0111011011110111 227 0.168
0111011011101111 180 0.656
0111011011011111 363 0.842
0111011010111111 371 0.871
0111011001111111 136 0.871
0111010111111110 190 0.874
0111010111111101 361 0.992
0111010111111011 326 1.0
0111010111110111 382 0.73
0111010111101111 368 0.719
0111010111011111 283 0.765
0111010110111111 599 0.837
0111010101111111 229 0.598
0111010011111111 511 0.37
0111001111111110 192 0.902
0111001111111101 290 0.142
0111001111111011 412 0.568
0111001111110111 428 0.805
0111001111101111 312 0.367
0111001111011111 493 0.15
0111001110111111 358 0.329
0111001101111111 259 0.016
0111001011111111 519 0.374
0111000111111111 647 0.013
0110111111111100 262 0.25
0110111111111010 356 1.0
0110111111111001 114 0.574
0110111111110110 47 1.0
0110111111110101 356 1.0
0110111111110011 262 0.25
0110111111101110 328 0.912
0110111111101101 301 1.0
0110111111101011 323 1.0
0110111111100111 356 1.0
0110111111011110 315 1.0
0110111111011101 200 0.738
0110111111011011 231 1.0
0110111111010111 148 1.0
0110111111001111 425 0.71
0110111110111110 148 1.0
0110111110111101 231 1.0
0110111110111011 200 0.738
0110111110110111 315 1.0
0110111110101111 495 1.0
0110111110011111 203 0.998
0110111101111110 356 1.0
0110111101111101 323 1.0
0110111101111011 301 1.0
0110111101110111 328 0.912
0110111101101111 131 1.0
0110111101011111 495 1.0
0110111100111111 425 0.71
0110111011111110 313 1.0
0110111011111101 263 0.108
0110111011111011 221 0.436
0110111011110111 262 0.25
0110111011101111 344 0.822
0110111011011111 412 0.867
0110111010111111 384 0.018
0110111001111111 428 0.835
0110110111111110 153 1.0
0110110111111101 222 1.0
0110110111111011 230 1.0
0110110111110111 315 1.0
0110110111101111 503 1.0
0110110111011111 362 1.0
0110110110111111 422 1.0
0110110101111111 453 1.0
0110110011111111 495 0.281
0110101111111110 315 1.0
0110101111111101 230 1.0
0110101111111011 222 1.0
0110101111110111 153 1.0
0110101111101111 453 1.0
0110101111011111 422 1.0
0110101110111111 362 1.0
0110101101111111 503 1.0
0110101011111111 596 0.412
0110100111111111 298 0.281
0110011111111110 262 0.25
0110011111111101 221 0.436
0110011111111011 263 0.108
0110011111110111 313 1.0
0110011111101111 428 0.835
0110011111011111 384 0.018
0110011110111111 412 0.867
0110011101111111 344 0.822
0110011011111111 158 0.328
0110010111111111 596 0.412
0110001111111111 495 0.281
0101111111111100 275 0.918
0101111111111010 166 1.0
0101111111111001 428 0.835
0101111111110110 356 1.0
0101111111110101 131 1.0
0101111111110011 428 0.835
0101111111101110 239 0.94
0101111111101101 255 1.0
0101111111101011 194 1.0
0101111111100111 323 1.0
0101111111011110 272 1.0
0101111111011101 401 0.957
0101111111011011 432 1.0
0101111111010111 495 1.0
0101111111001111 361 0.992
0101111110111110 248 1.0
0101111110111101 453 1.0
0101111110111011 189 0.484
0101111110110111 453 1.0
0101111110101111 204 1.0
0101111110011111 651 0.498
0101111101111110 154 1.0
0101111101111101 495 1.0
0101111101111011 432 1.0
0101111101110111 401 0.957
0101111101101111 495 1.0
0101111101011111 114 1.0
0101111100111111 651 0.498
0101111011111110 154 1.0
0101111011111101 232 1.0
0101111011111011 246 1.0
0101111011110111 301 1.0
0101111011101111 439 0.906
0101111011011111 441 1.0
0101111010111111 359 1.0
0101111001111111 432 1.0
0101110111111110 246 0.49
0101110111111101 421 0.245
0101110111111011 363 0.937
0101110111110111 425 0.71
0101110111101111 335 0.874
0101110111011111 527 0.976
0101110110111111 658 0.547
0101110101111111 651 0.498
0101110011111111 412 0.568
0101101111111110 268 1.0
0101101111111101 503 1.0
0101101111111011 228 1.0
0101101111110111 503 1.0
0101101111101111 418 1.0
0101101111011111 415 1.0
0101101110111111 290 0.464
0101101101111111 415 1.0
0101101011111111 329 1.0
0101100111111111 841 0.572
0101011111111110 260 0.998
0101011111111101 425 0.71
0101011111111011 363 0.937
0101011111110111 421 0.245
0101011111101111 362 0.833
0101011111011111 651 0.498
0101011110111111 658 0.547
0101011101111111 527 0.976
0101011011111111 596 0.412
0101010111111111 247 0.521
0101001111111111 841 0.572
0100111111111110 313 1.0
0100111111111101 227 0.168
0100111111111011 240 0.75
0100111111110111 328 0.912
0100111111101111 421 0.245
0100111111011111 382 0.73
0100111110111111 378 0.238
0100111101111111 401 0.957
0100111011111111 519 0.374
0100110111111111 428 0.805
0100101111111111 495 0.992
0100011111111111 511 0.37
0011111111111100 113 0.149
0011111111111010 275 0.918
0011111111111001 180 0.656
0011111111110110 262 0.25
0011111111110101 428 0.835
0011111111110011 158 0.328
0011111111101110 122 0.629
0011111111101101 183 0.749
0011111111101011 192 0.398
0011111111100111 221 0.436
0011111111011110 201 0.812
0011111111011101 321 0.121
0011111111011011 363 0.842
0011111111010111 384 0.018
0011111111001111 152 0.964
0011111110111110 190 0.874
0011111110111101 368 0.719
0011111110111011 511 0.37
0011111110110111 596 0.412
0011111110101111 361 0.992
0011111110011111 283 0.765
0011111101111110 260 0.998
0011111101111101 362 0.833
0011111101111011 596 0.412
0011111101110111 511 0.37
0011111101101111 425 0.71
0011111101011111 651 0.498
0011111100111111 247 0.521
0011111011111110 239 0.94
0011111011111101 187 0.958
0011111011111011 229 0.726
0011111011110111 263 0.108
0011111011101111 321 0.121
0011111011011111 303 0.187
0011111010111111 326 1.0
0011111001111111 363 0.937
0011110111111110 221 0.74
0011110111111101 439 0.906
0011110111111011 371 0.871
0011110111110111 412 0.867
0011110111101111 349 0.656
0011110111011111 299 0.57
0011110110111111 599 0.837
0011110101111111 658 0.547
0011110011111111 227 0.5
0011101111111110 192 0.902
0011101111111101 312 0.367
0011101111111011 519 0.374
0011101111110111 495 0.281
0011101111101111 290 0.142
0011101111011111 493 0.15
0011101110111111 647 0.013
0011101101111111 841 0.572
0011101011111111 412 0.568
0011100111111111 358 0.329
0011011111111110 121 0.592
0011011111111101 354 0.417
0011011111111011 495 0.281
0011011111110111 519 0.374
0011011111101111 354 0.417
0011011111011111 277 0.884
0011011110111111 841 0.572
0011011101111111 647 0.013
0011011011111111 495 0.281
0011010111111111 841 0.572
0011001111111111 138 0.318
0010111111111110 328 0.912
0010111111111101 240 0.75
0010111111111011 227 0.168
0010111111110111 313 1.0
0010111111101111 401 0.957
0010111111011111 378 0.238
0010111110111111 382 0.73
0010111101111111 421 0.245
0010111011111111 511 0.37
0010110111111111 495 0.992
0010101111111111 428 0.805
0010011111111111 519 0.374
0001111111111110 187 0.557
0001111111111101 344 0.822
0001111111111011 136 0.871
0001111111110111 344 0.822
0001111111101111 222 0.653
0001111111011111 527 0.976
0001111110111111 229 0.598
0001111101111111 527 0.976
0001111011111111 356 0.886
0001110111111111 647 0.013
0001101111111111 259 0.016
0001011111111111 647 0.013
0000111111111111 105 0.894
