1111111111111000 643 0.881
1111111111110100 1290 0.768
1111111111110010 1290 0.768
1111111111110001 643 0.881
1111111111101100 1794 0.326
1111111111101010 3059 0.002
1111111111101001 2966 0.127
1111111111100110 1996 0.22
1111111111100101 2255 0.0
1111111111100011 1628 0.023
1111111111011100 1794 0.326
1111111111011010 2031 0.0
1111111111011001 1794 0.326
1111111111010110 2262 0.0
1111111111010101 3059 0.002
1111111111010011 2966 0.127
1111111111001110 1794 0.326
1111111111001101 1794 0.326
1111111111001011 2966 0.127
1111111111000111 1628 0.023
1111111110111100 2966 0.127
1111111110111010 3059 0.002
1111111110111001 1794 0.326
1111111110110110 2262 0.0
1111111110110101 2031 0.0
1111111110110011 1794 0.326
1111111110101110 3059 0.002
1111111110101101 2031 0.0
1111111110101011 3059 0.002
1111111110100111 2255 0.0
1111111110011110 2966 0.127
1111111110011101 1794 0.326
1111111110011011 1794 0.326
1111111110010111 2966 0.127
1111111110001111 643 0.881
1111111101111100 1628 0.023
1111111101111010 2255 0.0
1111111101111001 2966 0.127
1111111101110110 1996 0.22
1111111101110101 3059 0.002
1111111101110011 1794 0.326
1111111101101110 1996 0.22
1111111101101101 2262 0.0
1111111101101011 2262 0.0
1111111101100111 1996 0.22
1111111101011110 2255 0.0
1111111101011101 3059 0.002
1111111101011011 2031 0.0
1111111101010111 3059 0.002
1111111101001111 1290 0.768
1111111100111110 1628 0.023
1111111100111101 2966 0.127
1111111100111011 1794 0.326
1111111100110111 1794 0.326
1111111100101111 1290 0.768
1111111100011111 643 0.881
1111111011111100 3059 0.002
1111111011111010 1463 0.0
1111111011111001 2035 0.52
1111111011110110 1854 0.0
1111111011110101 1505 0.0
1111111011110011 1118 0.07
1111111011101110 643 0.881
1111111011101101 2966 0.127
1111111011101011 2035 0.52
1111111011100111 1307 0.094
1111111011011110 2031 0.0
1111111011011101 2966 0.127
1111111011011011 652 0.0
1111111011010111 1496 0.0
1111111011001111 1794 0.326
1111111010111110 1243 0.0
1111111010111101 1174 0.0
1111111010111011 2035 0.52
1111111010110111 1496 0.0
1111111010101111 3059 0.002
1111111010011111 2966 0.127
1111111001111110 809 0.0
1111111001111101 1351 0.0
1111111001111011 1451 0.0
1111111001110111 1307 0.094
1111111001101111 1996 0.22
1111111001011111 2255 0.0
1111111000111111 1628 0.023
1111110111111100 3059 0.002
1111110111111010 1243 0.0
1111110111111001 3059 0.002
1111110111110110 1547 0.0
1111110111110101 1463 0.0
1111110111110011 2035 0.52
1111110111101110 2966 0.127
1111110111101101 2031 0.0
1111110111101011 1174 0.0
1111110111100111 1451 0.0
1111110111011110 2966 0.127
1111110111011101 643 0.881
1111110111011011 2966 0.127
1111110111010111 2035 0.52
1111110111001111 1794 0.326
1111110110111110 1174 0.0
1111110110111101 2031 0.0
1111110110111011 2966 0.127
1111110110110111 652 0.0
1111110110101111 2031 0.0
1111110110011111 1794 0.326
1111110101111110 1351 0.0
1111110101111101 1243 0.0
1111110101111011 1174 0.0
1111110101110111 2035 0.52
1111110101101111 2262 0.0
1111110101011111 3059 0.002
1111110100111111 2966 0.127
1111110011111110 3059 0.002
1111110011111101 3059 0.002
1111110011111011 2035 0.52
1111110011110111 1118 0.07
1111110011101111 1794 0.326
1111110011011111 1794 0.326
1111110010111111 2966 0.127
1111110001111111 1628 0.023
1111101111111100 2035 0.52
1111101111111010 1463 0.0
1111101111111001 3059 0.002
1111101111110110 1547 0.0
1111101111110101 1243 0.0
1111101111110011 3059 0.002
1111101111101110 2035 0.52
1111101111101101 1174 0.0
1111101111101011 1243 0.0
1111101111100111 1351 0.0
1111101111011110 652 0.0
1111101111011101 2966 0.127
1111101111011011 2031 0.0
1111101111010111 1174 0.0
1111101111001111 2966 0.127
1111101110111110 2035 0.52
1111101110111101 2966 0.127
1111101110111011 643 0.881
1111101110110111 2966 0.127
1111101110101111 3059 0.002
1111101110011111 1794 0.326
1111101101111110 1451 0.0
1111101101111101 1174 0.0
1111101101111011 2031 0.0
1111101101110111 2966 0.127
1111101101101111 2262 0.0
1111101101011111 2031 0.0
1111101100111111 1794 0.326
1111101011111110 1463 0.0
1111101011111101 1243 0.0
1111101011111011 1463 0.0
1111101011110111 1505 0.0
1111101011101111 3059 0.002
1111101011011111 2031 0.0
1111101010111111 3059 0.002
1111101001111111 2255 0.0
1111100111111110 2035 0.52
1111100111111101 3059 0.002
1111100111111011 3059 0.002
1111100111110111 2035 0.52
1111100111101111 2966 0.127
1111100111011111 1794 0.326
1111100110111111 1794 0.326
1111100101111111 2966 0.127
1111100011111111 643 0.881
1111011111111100 1118 0.07
1111011111111010 1505 0.0
1111011111111001 2035 0.52
1111011111110110 1854 0.0
1111011111110101 1463 0.0
1111011111110011 3059 0.002
1111011111101110 1307 0.094
1111011111101101 1451 0.0
1111011111101011 1351 0.0
1111011111100111 809 0.0
1111011111011110 1496 0.0
1111011111011101 2035 0.52
1111011111011011 1174 0.0
1111011111010111 1243 0.0
1111011111001111 1628 0.023
1111011110111110 1496 0.0
1111011110111101 652 0.0
1111011110111011 2966 0.127
1111011110110111 2031 0.0
1111011110101111 2255 0.0
1111011110011111 2966 0.127
1111011101111110 1307 0.094
1111011101111101 2035 0.52
1111011101111011 2966 0.127
1111011101110111 643 0.881
1111011101101111 1996 0.22
1111011101011111 3059 0.002
1111011100111111 1794 0.326
1111011011111110 1854 0.0
1111011011111101 1547 0.0
1111011011111011 1547 0.0
1111011011110111 1854 0.0
1111011011101111 1996 0.22
1111011011011111 2262 0.0
1111011010111111 2262 0.0
1111011001111111 1996 0.22
1111010111111110 1505 0.0
1111010111111101 1463 0.0
1111010111111011 1243 0.0
1111010111110111 1463 0.0
1111010111101111 2255 0.0
1111010111011111 3059 0.002
1111010110111111 2031 0.0
1111010101111111 3059 0.002
1111010011111111 1290 0.768
1111001111111110 1118 0.07
1111001111111101 2035 0.52
1111001111111011 3059 0.002
1111001111110111 3059 0.002
1111001111101111 1628 0.023
1111001111011111 2966 0.127
1111001110111111 1794 0.326
1111001101111111 1794 0.326
1111001011111111 1290 0.768
1111000111111111 643 0.881
1110111111111100 1996 0.22
1110111111111010 1854 0.0
1110111111111001 1307 0.094
1110111111110110 606 0.0
1110111111110101 1073 0.0
1110111111110011 806 0.0
1110111111101110 1290 0.768
1110111111101101 2255 0.0
1110111111101011 1505 0.0
1110111111100111 1073 0.0
1110111111011110 2262 0.0
1110111111011101 1628 0.023
1110111111011011 1496 0.0
1110111111010111 442 0.0
1110111111001111 3059 0.002
1110111110111110 1547 0.0
1110111110111101 1451 0.0
1110111110111011 1118 0.07
1110111110110111 446 0.0
1110111110101111 1463 0.0
1110111110011111 2035 0.52
1110111101111110 995 0.0
1110111101111101 767 0.0
1110111101111011 389 0.0
1110111101110111 806 0.0
1110111101101111 1854 0.0
1110111101011111 1505 0.0
1110111100111111 1118 0.07
1110111011111110 1290 0.768
1110111011111101 1628 0.023
1110111011111011 1118 0.07
1110111011110111 806 0.0
1110111011101111 643 0.881
1110111011011111 2966 0.127
1110111010111111 2035 0.52
1110111001111111 1307 0.094
1110110111111110 2262 0.0
1110110111111101 2255 0.0
1110110111111011 1496 0.0
1110110111110111 446 0.0
1110110111101111 2031 0.0
1110110111011111 2966 0.127
1110110110111111 652 0.0
1110110101111111 1496 0.0
1110110011111111 1794 0.326
1110101111111110 1547 0.0
1110101111111101 1351 0.0
1110101111111011 1505 0.0
1110101111110111 442 0.0
1110101111101111 1243 0.0
1110101111011111 1174 0.0
1110101110111111 2035 0.52
1110101101111111 1496 0.0
1110101011111111 3059 0.002
1110100111111111 2966 0.127
1110011111111110 995 0.0
1110011111111101 413 0.0
1110011111111011 767 0.0
1110011111110111 1073 0.0
1110011111101111 809 0.0
1110011111011111 1351 0.0
1110011110111111 1451 0.0
1110011101111111 1307 0.094
1110011011111111 1996 0.22
1110010111111111 2255 0.0
1110001111111111 1628 0.023
1101111111111100 1996 0.22
1101111111111010 809 0.0
1101111111111001 1996 0.22
1101111111110110 995 0.0
1101111111110101 1854 0.0
1101111111110011 1307 0.094
1101111111101110 1628 0.023
1101111111101101 2262 0.0
1101111111101011 1351 0.0
1101111111100111 767 0.0
1101111111011110 2255 0.0
1101111111011101 1290 0.768
1101111111011011 2255 0.0
1101111111010111 1505 0.0
1101111111001111 3059 0.002
1101111110111110 1351 0.0
1101111110111101 2262 0.0
1101111110111011 1628 0.023
1101111110110111 1496 0.0
1101111110101111 1243 0.0
1101111110011111 3059 0.002
1101111101111110 413 0.0
1101111101111101 1547 0.0
1101111101111011 1451 0.0
1101111101110111 1118 0.07
1101111101101111 1547 0.0
1101111101011111 1463 0.0
1101111100111111 2035 0.52
1101111011111110 2255 0.0
1101111011111101 2262 0.0
1101111011111011 1451 0.0
1101111011110111 389 0.0
1101111011101111 2966 0.127
1101111011011111 2031 0.0
1101111010111111 1174 0.0
1101111001111111 1451 0.0
1101110111111110 1628 0.023
1101110111111101 1290 0.768
1101110111111011 1628 0.023
1101110111110111 1118 0.07
1101110111101111 2966 0.127
1101110111011111 643 0.881
1101110110111111 2966 0.127
1101110101111111 2035 0.52
1101110011111111 1794 0.326
1101101111111110 1451 0.0
1101101111111101 2262 0.0
1101101111111011 2255 0.0
1101101111110111 1496 0.0
1101101111101111 1174 0.0
1101101111011111 2031 0.0
1101101110111111 2966 0.127
1101101101111111 652 0.0
1101101011111111 2031 0.0
1101100111111111 1794 0.326
1101011111111110 767 0.0
1101011111111101 1547 0.0
1101011111111011 1351 0.0
1101011111110111 1505 0.0
1101011111101111 1351 0.0
1101011111011111 1243 0.0
1101011110111111 1174 0.0
1101011101111111 2035 0.52
1101011011111111 2262 0.0
1101010111111111 3059 0.002
1101001111111111 2966 0.127
1100111111111110 1996 0.22
1100111111111101 1996 0.22
1100111111111011 1307 0.094
1100111111110111 806 0.0
1100111111101111 3059 0.002
1100111111011111 3059 0.002
1100111110111111 2035 0.52
1100111101111111 1118 0.07
1100111011111111 1794 0.326
1100110111111111 1794 0.326
1100101111111111 2966 0.127
1100011111111111 1628 0.023
1011111111111100 1307 0.094
1011111111111010 1854 0.0
1011111111111001 1996 0.22
1011111111110110 995 0.0
1011111111110101 809 0.0
1011111111110011 1996 0.22
1011111111101110 1118 0.07
1011111111101101 1451 0.0
1011111111101011 1547 0.0
1011111111100111 413 0.0
1011111111011110 1496 0.0
1011111111011101 1628 0.023
1011111111011011 2262 0.0
1011111111010111 1351 0.0
1011111111001111 2035 0.52
1011111110111110 1505 0.0
1011111110111101 2255 0.0
1011111110111011 1290 0.768
1011111110110111 2255 0.0
1011111110101111 1463 0.0
1011111110011111 3059 0.002
1011111101111110 767 0.0
1011111101111101 1351 0.0
1011111101111011 2262 0.0
1011111101110111 1628 0.023
1011111101101111 1547 0.0
1011111101011111 1243 0.0
1011111100111111 3059 0.002
1011111011111110 1505 0.0
1011111011111101 1351 0.0
1011111011111011 1547 0.0
1011111011110111 767 0.0
1011111011101111 2035 0.52
1011111011011111 1174 0.0
1011111010111111 1243 0.0
1011111001111111 1351 0.0
1011110111111110 1496 0.0
1011110111111101 2255 0.0
1011110111111011 2262 0.0
1011110111110111 1451 0.0
1011110111101111 652 0.0
1011110111011111 2966 0.127
1011110110111111 2031 0.0
1011110101111111 1174 0.0
1011110011111111 2966 0.127
1011101111111110 1118 0.07
1011101111111101 1628 0.023
1011101111111011 1290 0.768
1011101111110111 1628 0.023
1011101111101111 2035 0.52
1011101111011111 2966 0.127
1011101110111111 643 0.881
1011101101111111 2966 0.127
1011101011111111 3059 0.002
1011100111111111 1794 0.326
1011011111111110 389 0.0
1011011111111101 1451 0.0
1011011111111011 2262 0.0
1011011111110111 2255 0.0
1011011111101111 1451 0.0
1011011111011111 1174 0.0
1011011110111111 2031 0.0
1011011101111111 2966 0.127
1011011011111111 2262 0.0
1011010111111111 2031 0.0
1011001111111111 1794 0.326
1010111111111110 1854 0.0
1010111111111101 809 0.0
1010111111111011 1854 0.0
1010111111110111 1073 0.0
1010111111101111 1463 0.0
1010111111011111 1243 0.0
1010111110111111 1463 0.0
1010111101111111 1505 0.0
1010111011111111 3059 0.002
1010110111111111 2031 0.0
1010101111111111 3059 0.002
1010011111111111 2255 0.0
1001111111111110 1307 0.094
1001111111111101 1996 0.22
1001111111111011 1996 0.22
1001111111110111 1307 0.094
1001111111101111 2035 0.52
1001111111011111 3059 0.002
1001111110111111 3059 0.002
1001111101111111 2035 0.52
1001111011111111 2966 0.127
1001110111111111 1794 0.326
1001101111111111 1794 0.326
1001011111111111 2966 0.127
1000111111111111 643 0.881
0111111111111100 806 0.0
0111111111111010 1073 0.0
0111111111111001 1307 0.094
0111111111110110 606 0.0
0111111111110101 1854 0.0
0111111111110011 1996 0.22
0111111111101110 806 0.0
0111111111101101 389 0.0
0111111111101011 767 0.0
0111111111100111 995 0.0
0111111111011110 446 0.0
0111111111011101 1118 0.07
0111111111011011 1451 0.0
0111111111010111 1547 0.0
0111111111001111 1118 0.07
0111111110111110 442 0.0
0111111110111101 1496 0.0
0111111110111011 1628 0.023
0111111110110111 2262 0.0
0111111110101111 1505 0.0
0111111110011111 2035 0.52
0111111101111110 1073 0.0
0111111101111101 1505 0.0
0111111101111011 2255 0.0
0111111101110111 1290 0.768
0111111101101111 1854 0.0
0111111101011111 1463 0.0
0111111100111111 3059 0.002
0111111011111110 1073 0.0
0111111011111101 767 0.0
0111111011111011 413 0.0
0111111011110111 995 0.0
0111111011101111 1307 0.094
0111111011011111 1451 0.0
0111111010111111 1351 0.0
0111111001111111 809 0.0
0111110111111110 442 0.0
0111110111111101 1505 0.0
0111110111111011 1351 0.0
0111110111110111 1547 0.0
0111110111101111 1496 0.0
0111110111011111 2035 0.52
0111110110111111 1174 0.0
0111110101111111 1243 0.0
0111110011111111 1628 0.023
0111101111111110 446 0.0
0111101111111101 1496 0.0
0111101111111011 2255 0.0
0111101111110111 2262 0.0
0111101111101111 1496 0.0
0111101111011111 652 0.0
0111101110111111 2966 0.127
0111101101111111 2031 0.0
0111101011111111 2255 0.0
0111100111111111 2966 0.127
0111011111111110 806 0.0
0111011111111101 1118 0.07
0111011111111011 1628 0.023
0111011111110111 1290 0.768
0111011111101111 1307 0.094
0111011111011111 2035 0.52
0111011110111111 2966 0.127
0111011101111111 643 0.881
0111011011111111 1996 0.22
0111010111111111 3059 0.002
0111001111111111 1794 0.326
0110111111111110 606 0.0
0110111111111101 995 0.0
0110111111111011 995 0.0
0110111111110111 606 0.0
0110111111101111 1854 0.0
0110111111011111 1547 0.0
0110111110111111 1547 0.0
0110111101111111 1854 0.0
0110111011111111 1996 0.22
0110110111111111 2262 0.0
0110101111111111 2262 0.0
0110011111111111 1996 0.22
0101111111111110 1073 0.0
0101111111111101 1854 0.0
0101111111111011 809 0.0
0101111111110111 1854 0.0
0101111111101111 1505 0.0
0101111111011111 1463 0.0
0101111110111111 1243 0.0
0101111101111111 1463 0.0
0101111011111111 2255 0.0
0101110111111111 3059 0.002
0101101111111111 2031 0.0
0101011111111111 3059 0.002
0100111111111111 1290 0.768
0011111111111110 806 0.0
0011111111111101 1307 0.094
0011111111111011 1996 0.22
0011111111110111 1996 0.22
0011111111101111 1118 0.07
0011111111011111 2035 0.52
0011111110111111 3059 0.002
0011111101111111 3059 0.002
0011111011111111 1628 0.023
0011110111111111 2966 0.127
0011101111111111 1794 0.326
0011011111111111 1794 0.326
0010111111111111 1290 0.768
0001111111111111 643 0.881
