1110000000000000 33 0.972
1101000000000000 33 0.342
1100100000000000 33 0.384
1100010000000000 33 0.536
1100001000000000 33 0.637
1100000100000000 33 0.746
1100000010000000 33 0.418
1100000001000000 33 0.205
1100000000100000 33 0.541
1100000000010000 33 0.424
1100000000001000 33 0.392
1100000000000100 33 0.604
1100000000000010 33 0.348
1100000000000001 33 0.277
1011000000000000 33 0.342
1010100000000000 33 0.418
1010010000000000 33 0.56
1010001000000000 33 0.106
1010000100000000 33 0.351
1010000010000000 33 0.648
1010000001000000 33 0.078
1010000000100000 33 0.456
1010000000010000 33 0.988
1010000000001000 33 0.716
1010000000000100 33 0.921
1010000000000010 33 0.057
1010000000000001 33 0.29
1001100000000000 33 0.392
1001010000000000 33 0.077
1001001000000000 33 0.077
1001000100000000 33 0.392
1001000010000000 33 0.716
1001000001000000 33 0.359
1001000000100000 33 0.359
1001000000010000 33 0.716
1001000000001000 33 0.938
1001000000000100 33 0.596
1001000000000010 33 0.596
1001000000000001 33 0.938
1000110000000000 33 0.536
1000101000000000 33 0.205
1000100100000000 33 0.604
1000100010000000 33 0.972
1000100001000000 33 0.637
1000100000100000 33 0.541
1000100000010000 33 0.348
1000100000001000 33 0.342
1000100000000100 33 0.746
1000100000000010 33 0.424
1000100000000001 33 0.277
1000011000000000 33 0.62
1000010100000000 33 0.014
1000010010000000 33 0.56
1000010001000000 33 0.62
1000010000100000 33 0.613
1000010000010000 33 0.503
1000010000001000 33 0.077
1000010000000100 33 0.014
1000010000000010 33 0.503
1000010000000001 33 0.69
1000001100000000 33 0.562
1000001010000000 33 0.078
1000001001000000 33 0.368
1000001000100000 33 0.73
1000001000010000 33 0.976
1000001000001000 33 0.359
1000001000000100 33 0.239
1000001000000010 34 0.51
1000001000000001 33 0.674
1000000110000000 33 0.921
1000000101000000 33 0.239
1000000100100000 33 0.97
1000000100010000 33 0.029
1000000100001000 33 0.596
1000000100000100 33 0.308
1000000100000010 33 0.1
1000000100000001 33 0.29
1000000011000000 33 0.106
1000000010100000 33 0.456
1000000010010000 33 0.057
1000000010001000 33 0.342
1000000010000100 33 0.351
1000000010000010 33 0.988
1000000010000001 33 0.29
1000000001100000 33 0.73
1000000001010000 34 0.51
1000000001001000 33 0.077
1000000001000100 33 0.562
1000000001000010 33 0.976
1000000001000001 33 0.674
1000000000110000 33 0.817
1000000000101000 33 0.359
1000000000100100 33 0.97
1000000000100010 33 0.817
1000000000100001 33 0.69
1000000000011000 33 0.596
1000000000010100 33 0.1
1000000000010010 33 0.714
1000000000010001 33 0.277
1000000000001100 33 0.392
1000000000001010 33 0.716
1000000000001001 33 0.938
1000000000000110 33 0.029
1000000000000101 33 0.29
1000000000000011 33 0.277
0111000000000000 33 0.972
0110100000000000 33 0.282
0110010000000000 33 0.862
0110001000000000 33 0.862
0110000100000000 33 0.282
0110000010000000 33 0.79
0110000001000000 33 0.404
0110000000100000 33 0.404
0110000000010000 33 0.79
0110000000001000 33 0.029
0110000000000100 33 0.716
0110000000000010 33 0.716
0110000000000001 33 0.029
0101100000000000 33 0.351
0101010000000000 33 0.106
0101001000000000 33 0.56
0101000100000000 33 0.418
0101000010000000 33 0.988
0101000001000000 33 0.456
0101000000100000 33 0.078
0101000000010000 33 0.648
0101000000001000 33 0.29
0101000000000100 33 0.057
0101000000000010 33 0.921
0101000000000001 33 0.716
0100110000000000 33 0.055
0100101000000000 33 0.568
0100100100000000 33 0.372
0100100010000000 33 0.282
0100100001000000 33 0.568
0100100000100000 33 0.73
0100100000010000 33 0.032
0100100000001000 33 0.351
0100100000000100 33 0.372
0100100000000010 33 0.032
0100100000000001 33 0.714
0100011000000000 33 0.484
0100010100000000 33 0.808
0100010010000000 33 0.702
0100010001000000 33 0.034
0100010000100000 33 0.31
0100010000010000 33 0.562
0100010000001000 33 0.562
0100010000000100 33 0.74
0100010000000010 33 0.762
0100010000000001 33 0.817
0100001100000000 33 0.702
0100001010000000 33 0.915
0100001001000000 33 0.318
0100001000100000 34 0.609
0100001000010000 33 0.258
0100001000001000 33 0.97
0100001000000100 33 0.122
0100001000000010 33 0.756
0100001000000001 33 0.976
0100000110000000 33 0.792
0100000101000000 33 0.115
0100000100100000 33 0.915
0100000100010000 33 0.79
0100000100001000 33 0.1
0100000100000100 33 0.106
0100000100000010 33 0.792
0100000100000001 33 0.988
0100000011000000 33 0.808
0100000010100000 33 0.115
0100000010010000 33 0.106
0100000010001000 33 0.746
0100000010000100 33 0.372
0100000010000010 33 0.792
0100000010000001 33 0.1
0100000001100000 33 0.338
0100000001010000 33 0.437
0100000001001000 33 0.014
0100000001000100 33 0.74
0100000001000010 33 0.756
0100000001000001 34 0.51
0100000000110000 33 0.562
0100000000101000 33 0.239
0100000000100100 33 0.122
0100000000100010 33 0.762
0100000000100001 33 0.503
0100000000011000 33 0.308
0100000000010100 33 0.106
0100000000010010 33 0.032
0100000000010001 33 0.424
0100000000001100 33 0.604
0100000000001010 33 0.921
0100000000001001 33 0.596
0100000000000110 33 0.716
0100000000000101 33 0.057
0100000000000011 33 0.348
0011100000000000 33 0.746
0011010000000000 33 0.637
0011001000000000 33 0.536
0011000100000000 33 0.384
0011000010000000 33 0.424
0011000001000000 33 0.541
0011000000100000 33 0.205
0011000000010000 33 0.418
0011000000001000 33 0.277
0011000000000100 33 0.348
0011000000000010 33 0.604
0011000000000001 33 0.392
0010110000000000 33 0.702
0010101000000000 33 0.808
0010100100000000 33 0.372
0010100010000000 33 0.79
0010100001000000 33 0.915
0010100000100000 33 0.115
0010100000010000 33 0.792
0010100000001000 33 0.988
0010100000000100 33 0.792
0010100000000010 33 0.106
0010100000000001 33 0.1
0010011000000000 33 0.484
0010010100000000 33 0.568
0010010010000000 33 0.258
0010010001000000 34 0.609
0010010000100000 33 0.318
0010010000010000 33 0.915
0010010000001000 33 0.976
0010010000000100 33 0.756
0010010000000010 33 0.122
0010010000000001 33 0.97
0010001100000000 33 0.055
0010001010000000 33 0.562
0010001001000000 33 0.31
0010001000100000 33 0.034
0010001000010000 33 0.702
0010001000001000 33 0.817
0010001000000100 33 0.762
0010001000000010 33 0.74
0010001000000001 33 0.562
0010000110000000 33 0.032
0010000101000000 33 0.73
0010000100100000 33 0.568
0010000100010000 33 0.282
0010000100001000 33 0.714
0010000100000100 33 0.032
0010000100000010 33 0.372
0010000100000001 33 0.351
0010000011000000 33 0.562
0010000010100000 33 0.437
0010000010010000 33 0.106
0010000010001000 33 0.424
0010000010000100 33 0.032
0010000010000010 33 0.106
0010000010000001 33 0.308
0010000001100000 33 0.338
0010000001010000 33 0.115
0010000001001000 33 0.503
0010000001000100 33 0.762
0010000001000010 33 0.122
0010000001000001 33 0.239
0010000000110000 33 0.808
0010000000101000 34 0.51
0010000000100100 33 0.756
0010000000100010 33 0.74
0010000000100001 33 0.014
0010000000011000 33 0.1
0010000000010100 33 0.792
0010000000010010 33 0.372
0010000000010001 33 0.746
0010000000001100 33 0.348
0010000000001010 33 0.057
0010000000001001 33 0.596
0010000000000110 33 0.716
0010000000000101 33 0.921
0010000000000011 33 0.604
0001110000000000 33 0.562
0001101000000000 33 0.014
0001100100000000 33 0.604
0001100010000000 33 0.029
0001100001000000 33 0.97
0001100000100000 33 0.239
0001100000010000 33 0.921
0001100000001000 33 0.29
0001100000000100 33 0.1
0001100000000010 33 0.308
0001100000000001 33 0.596
0001011000000000 33 0.62
0001010100000000 33 0.205
0001010010000000 33 0.976
0001010001000000 33 0.73
0001010000100000 33 0.368
0001010000010000 33 0.078
0001010000001000 33 0.674
0001010000000100 34 0.51
0001010000000010 33 0.239
0001010000000001 33 0.359
0001001100000000 33 0.536
0001001010000000 33 0.503
0001001001000000 33 0.613
0001001000100000 33 0.62
0001001000010000 33 0.56
0001001000001000 33 0.69
0001001000000100 33 0.503
0001001000000010 33 0.014
0001001000000001 33 0.077
0001000110000000 33 0.348
0001000101000000 33 0.541
0001000100100000 33 0.637
0001000100010000 33 0.972
0001000100001000 33 0.277
0001000100000100 33 0.424
0001000100000010 33 0.746
0001000100000001 33 0.342
0001000011000000 33 0.817
0001000010100000 34 0.51
0001000010010000 33 0.057
0001000010001000 33 0.277
0001000010000100 33 0.714
0001000010000010 33 0.1
0001000010000001 33 0.596
0001000001100000 33 0.73
0001000001010000 33 0.456
0001000001001000 33 0.69
0001000001000100 33 0.817
0001000001000010 33 0.97
0001000001000001 33 0.359
0001000000110000 33 0.106
0001000000101000 33 0.674
0001000000100100 33 0.976
0001000000100010 33 0.562
0001000000100001 33 0.077
0001000000011000 33 0.29
0001000000010100 33 0.988
0001000000010010 33 0.351
0001000000010001 33 0.342
0001000000001100 33 0.277
0001000000001010 33 0.29
0001000000001001 33 0.938
0001000000000110 33 0.029
0001000000000101 33 0.716
0001000000000011 33 0.392
0000111000000000 33 0.034
0000110100000000 33 0.74
0000110010000000 33 0.862
0000110001000000 33 0.484
0000110000100000 33 0.31
0000110000010000 33 0.762
0000110000001000 33 0.106
0000110000000100 33 0.808
0000110000000010 33 0.562
0000110000000001 33 0.817
0000101100000000 33 0.74
0000101010000000 33 0.404
0000101001000000 33 0.318
0000101000100000 33 0.338
0000101000010000 33 0.756
0000101000001000 33 0.456
0000101000000100 33 0.115
0000101000000010 33 0.437
0000101000000001 34 0.51
0000100110000000 33 0.716
0000100101000000 33 0.122
0000100100100000 33 0.122
0000100100010000 33 0.716
0000100100001000 33 0.057
0000100100000100 33 0.106
0000100100000010 33 0.106
0000100100000001 33 0.057
0000100011000000 33 0.862
0000100010100000 33 0.404
0000100010010000 33 0.716
0000100010001000 33 0.972
0000100010000100 33 0.282
0000100010000010 33 0.79
0000100010000001 33 0.029
0000100001100000 34 0.609
0000100001010000 33 0.756
0000100001001000 33 0.56
0000100001000100 33 0.702
0000100001000010 33 0.258
0000100001000001 33 0.976
0000100000110000 33 0.762
0000100000101000 33 0.078
0000100000100100 33 0.915
0000100000100010 33 0.562
0000100000100001 33 0.503
0000100000011000 33 0.921
0000100000010100 33 0.792
0000100000010010 33 0.032
0000100000010001 33 0.348
0000100000001100 33 0.418
0000100000001010 33 0.648
0000100000001001 33 0.716
0000100000000110 33 0.79
0000100000000101 33 0.988
0000100000000011 33 0.424
0000011100000000 33 0.034
0000011010000000 34 0.609
0000011001000000 33 0.236
0000011000100000 33 0.236
0000011000010000 34 0.609
0000011000001000 33 0.73
0000011000000100 33 0.338
0000011000000010 33 0.338
0000011000000001 33 0.73
0000010110000000 33 0.756
0000010101000000 33 0.338
0000010100100000 33 0.318
0000010100010000 33 0.404
0000010100001000 34 0.51
0000010100000100 33 0.437
0000010100000010 33 0.115
0000010100000001 33 0.456
0000010011000000 33 0.484
0000010010100000 33 0.318
0000010010010000 33 0.122
0000010010001000 33 0.637
0000010010000100 33 0.568
0000010010000010 33 0.915
0000010010000001 33 0.97
0000010001100000 33 0.236
0000010001010000 33 0.338
0000010001001000 33 0.62
0000010001000100 33 0.034
0000010001000010 34 0.609
0000010001000001 33 0.73
0000010000110000 33 0.31
0000010000101000 33 0.368
0000010000100100 33 0.318
0000010000100010 33 0.31
0000010000100001 33 0.613
0000010000011000 33 0.239
0000010000010100 33 0.115
0000010000010010 33 0.73
0000010000010001 33 0.541
0000010000001100 33 0.205
0000010000001010 33 0.078
0000010000001001 33 0.359
0000010000000110 33 0.404
0000010000000101 33 0.456
0000010000000011 33 0.541
0000001110000000 33 0.762
0000001101000000 33 0.31
0000001100100000 33 0.484
0000001100010000 33 0.862
0000001100001000 33 0.817
0000001100000100 33 0.562
0000001100000010 33 0.808
0000001100000001 33 0.106
0000001011000000 33 0.31
0000001010100000 33 0.338
0000001010010000 33 0.122
0000001010001000 33 0.541
0000001010000100 33 0.73
0000001010000010 33 0.115
0000001010000001 33 0.239
0000001001100000 33 0.236
0000001001010000 33 0.318
0000001001001000 33 0.613
0000001001000100 33 0.31
0000001001000010 33 0.318
0000001001000001 33 0.368
0000001000110000 33 0.484
0000001000101000 33 0.73
0000001000100100 34 0.609
0000001000100010 33 0.034
0000001000100001 33 0.62
0000001000011000 33 0.97
0000001000010100 33 0.915
0000001000010010 33 0.568
0000001000010001 33 0.637
0000001000001100 33 0.541
0000001000001010 33 0.456
0000001000001001 33 0.359
0000001000000110 33 0.404
0000001000000101 33 0.078
0000001000000011 33 0.205
0000000111000000 33 0.762
0000000110100000 33 0.756
0000000110010000 33 0.716
0000000110001000 33 0.348
0000000110000100 33 0.032
0000000110000010 33 0.792
0000000110000001 33 0.921
0000000101100000 34 0.609
0000000101010000 33 0.404
0000000101001000 33 0.503
0000000101000100 33 0.562
0000000101000010 33 0.915
0000000101000001 33 0.078
0000000100110000 33 0.862
0000000100101000 33 0.976
0000000100100100 33 0.258
0000000100100010 33 0.702
0000000100100001 33 0.56
0000000100011000 33 0.029
0000000100010100 33 0.79
0000000100010010 33 0.282
0000000100010001 33 0.972
0000000100001100 33 0.424
0000000100001010 33 0.988
0000000100001001 33 0.716
0000000100000110 33 0.79
0000000100000101 33 0.648
0000000100000011 33 0.418
0000000011100000 33 0.034
0000000011010000 33 0.74
0000000011001000 33 0.536
0000000011000100 33 0.055
0000000011000010 33 0.702
0000000011000001 33 0.562
0000000010110000 33 0.74
0000000010101000 33 0.205
0000000010100100 33 0.568
0000000010100010 33 0.808
0000000010100001 33 0.014
0000000010011000 33 0.604
0000000010010100 33 0.372
0000000010010010 33 0.372
0000000010010001 33 0.604
0000000010001100 33 0.384
0000000010001010 33 0.418
0000000010001001 33 0.392
0000000010000110 33 0.282
0000000010000101 33 0.351
0000000010000011 33 0.746
0000000001110000 33 0.034
0000000001101000 33 0.62
0000000001100100 33 0.484
0000000001100010 33 0.484
0000000001100001 33 0.62
0000000001011000 33 0.014
0000000001010100 33 0.808
0000000001010010 33 0.568
0000000001010001 33 0.205
0000000001001100 33 0.536
0000000001001010 33 0.56
0000000001001001 33 0.077
0000000001000110 33 0.862
0000000001000101 33 0.106
0000000001000011 33 0.637
0000000000111000 33 0.562
0000000000110100 33 0.702
0000000000110010 33 0.055
0000000000110001 33 0.536
0000000000101100 33 0.637
0000000000101010 33 0.106
0000000000101001 33 0.077
0000000000100110 33 0.862
0000000000100101 33 0.56
0000000000100011 33 0.536
0000000000011100 33 0.746
0000000000011010 33 0.351
0000000000011001 33 0.392
0000000000010110 33 0.282
0000000000010101 33 0.418
0000000000010011 33 0.384
0000000000001110 33 0.972
0000000000001101 33 0.342
0000000000001011 33 0.342
0000000000000111 33 0.972
