1111111111111100 3212 0.946
1111111111111010 3510 1.0
1111111111111001 3212 0.946
1111111111110110 2088 1.0
1111111111110101 3510 1.0
1111111111110011 3212 0.946
1111111111101110 3212 0.946
1111111111101101 3699 1.0
1111111111101011 4593 1.0
1111111111100111 2824 1.0
1111111111011110 3699 1.0
1111111111011101 3212 0.946
1111111111011011 3699 1.0
1111111111010111 4593 1.0
1111111111001111 3212 0.946
1111111110111110 4593 1.0
1111111110111101 3699 1.0
1111111110111011 3212 0.946
1111111110110111 3699 1.0
1111111110101111 3510 1.0
1111111110011111 3212 0.946
1111111101111110 2824 1.0
1111111101111101 4593 1.0
1111111101111011 3699 1.0
1111111101110111 3212 0.946
1111111101101111 2088 1.0
1111111101011111 3510 1.0
1111111100111111 3212 0.946
1111111011111110 3510 1.0
1111111011111101 4593 1.0
1111111011111011 1690 1.0
1111111011110111 2029 1.0
1111111011101111 3212 0.946
1111111011011111 3699 1.0
1111111010111111 4593 1.0
1111111001111111 2824 1.0
1111110111111110 4593 1.0
1111110111111101 3510 1.0
1111110111111011 4593 1.0
1111110111110111 1690 1.0
1111110111101111 3699 1.0
1111110111011111 3212 0.946
1111110110111111 3699 1.0
1111110101111111 4593 1.0
1111110011111111 3212 0.946
1111101111111110 1690 1.0
1111101111111101 4593 1.0
1111101111111011 3510 1.0
1111101111110111 4593 1.0
1111101111101111 4593 1.0
1111101111011111 3699 1.0
1111101110111111 3212 0.946
1111101101111111 3699 1.0
1111101011111111 3510 1.0
1111100111111111 3212 0.946
1111011111111110 2029 1.0
1111011111111101 1690 1.0
1111011111111011 4593 1.0
1111011111110111 3510 1.0
1111011111101111 2824 1.0
1111011111011111 4593 1.0
1111011110111111 3699 1.0
1111011101111111 3212 0.946
1111011011111111 2088 1.0
1111010111111111 3510 1.0
1111001111111111 3212 0.946
1110111111111110 2088 1.0
1110111111111101 2824 1.0
1110111111111011 2029 1.0
1110111111110111 635 1.0
1110111111101111 3510 1.0
1110111111011111 4593 1.0
1110111110111111 1690 1.0
1110111101111111 2029 1.0
1110111011111111 3212 0.946
1110110111111111 3699 1.0
1110101111111111 4593 1.0
1110011111111111 2824 1.0
1101111111111110 2824 1.0
1101111111111101 2088 1.0
1101111111111011 2824 1.0
1101111111110111 2029 1.0
1101111111101111 4593 1.0
1101111111011111 3510 1.0
1101111110111111 4593 1.0
1101111101111111 1690 1.0
1101111011111111 3699 1.0
1101110111111111 3212 0.946
1101101111111111 3699 1.0
1101011111111111 4593 1.0
1100111111111111 3212 0.946
1011111111111110 2029 1.0
1011111111111101 2824 1.0
1011111111111011 2088 1.0
1011111111110111 2824 1.0
1011111111101111 1690 1.0
1011111111011111 4593 1.0
1011111110111111 3510 1.0
1011111101111111 4593 1.0
1011111011111111 4593 1.0
1011110111111111 3699 1.0
1011101111111111 3212 0.946
1011011111111111 3699 1.0
1010111111111111 3510 1.0
1001111111111111 3212 0.946
0111111111111110 635 1.0
0111111111111101 2029 1.0
0111111111111011 2824 1.0
0111111111110111 2088 1.0
0111111111101111 2029 1.0
0111111111011111 1690 1.0
0111111110111111 4593 1.0
0111111101111111 3510 1.0
0111111011111111 2824 1.0
0111110111111111 4593 1.0
0111101111111111 3699 1.0
0111011111111111 3212 0.946
0110111111111111 2088 1.0
0101111111111111 3510 1.0
0011111111111111 3212 0.946
