1100000000000000 33 0.072
1010000000000000 33 0.991
1001000000000000 33 0.094
1000100000000000 33 0.072
1000010000000000 33 0.71
1000001000000000 33 0.597
1000000100000000 33 0.752
1000000010000000 33 0.991
1000000001000000 33 0.597
1000000000100000 33 0.068
1000000000010000 33 0.211
1000000000001000 33 0.094
1000000000000100 33 0.752
1000000000000010 33 0.211
1000000000000001 33 0.828
0110000000000000 33 0.157
0101000000000000 33 0.991
0100100000000000 33 0.266
0100010000000000 33 0.926
0100001000000000 33 0.554
0100000100000000 33 0.597
0100000010000000 33 0.597
0100000001000000 33 0.5
0100000000100000 33 0.765
0100000000010000 33 0.606
0100000000001000 33 0.752
0100000000000100 33 0.617
0100000000000010 33 0.454
0100000000000001 33 0.211
0011000000000000 33 0.072
0010100000000000 33 0.597
0010010000000000 33 0.554
0010001000000000 33 0.926
0010000100000000 33 0.266
0010000010000000 33 0.606
0010000001000000 33 0.765
0010000000100000 33 0.5
0010000000010000 33 0.597
0010000000001000 33 0.211
0010000000000100 33 0.454
0010000000000010 33 0.617
0010000000000001 33 0.752
0001100000000000 33 0.752
0001010000000000 33 0.597
0001001000000000 33 0.71
0001000100000000 33 0.072
0001000010000000 33 0.211
0001000001000000 33 0.068
0001000000100000 33 0.597
0001000000010000 33 0.991
0001000000001000 33 0.828
0001000000000100 33 0.211
0001000000000010 33 0.752
0001000000000001 33 0.094
0000110000000000 33 0.926
0000101000000000 33 0.5
0000100100000000 33 0.617
0000100010000000 33 0.157
0000100001000000 33 0.554
0000100000100000 33 0.765
0000100000010000 33 0.454
0000100000001000 33 0.991
0000100000000100 33 0.597
0000100000000010 33 0.606
0000100000000001 33 0.211
0000011000000000 33 0.363
0000010100000000 33 0.5
0000010010000000 33 0.554
0000010001000000 33 0.363
0000010000100000 33 0.41
0000010000010000 33 0.765
0000010000001000 33 0.597
0000010000000100 33 0.5
0000010000000010 33 0.765
0000010000000001 33 0.068
0000001100000000 33 0.926
0000001010000000 33 0.765
0000001001000000 33 0.41
0000001000100000 33 0.363
0000001000010000 33 0.554
0000001000001000 33 0.068
0000001000000100 33 0.765
0000001000000010 33 0.5
0000001000000001 33 0.597
0000000110000000 33 0.454
0000000101000000 33 0.765
0000000100100000 33 0.554
0000000100010000 33 0.157
0000000100001000 33 0.211
0000000100000100 33 0.606
0000000100000010 33 0.597
0000000100000001 33 0.991
0000000011000000 33 0.926
0000000010100000 33 0.5
0000000010010000 33 0.617
0000000010001000 33 0.072
0000000010000100 33 0.266
0000000010000010 33 0.597
0000000010000001 33 0.752
0000000001100000 33 0.363
0000000001010000 33 0.5
0000000001001000 33 0.71
0000000001000100 33 0.926
0000000001000010 33 0.554
0000000001000001 33 0.597
0000000000110000 33 0.926
0000000000101000 33 0.597
0000000000100100 33 0.554
0000000000100010 33 0.926
0000000000100001 33 0.71
0000000000011000 33 0.752
0000000000010100 33 0.597
0000000000010010 33 0.266
0000000000010001 33 0.072
0000000000001100 33 0.072
0000000000001010 33 0.991
0000000000001001 33 0.094
0000000000000110 33 0.157
0000000000000101 33 0.991
0000000000000011 33 0.072
