1111000000000000 20 0.967
1110100000000000 20 0.07
1110010000000000 20 0.128
1110001000000000 20 0.506
1110000100000000 20 0.157
1110000010000000 20 0.114
1110000001000000 20 0.52
1110000000100000 20 0.358
1110000000010000 20 0.022
1110000000001000 20 0.113
1110000000000100 20 0.383
1110000000000010 20 0.083
1110000000000001 20 0.59
1101100000000000 20 0.335
1101010000000000 20 0.33
1101001000000000 20 0.362
1101000100000000 20 0.926
1101000010000000 20 0.283
1101000001000000 20 0.638
1101000000100000 20 0.191
1101000000010000 20 0.576
1101000000001000 20 0.2
1101000000000100 20 0.635
1101000000000010 20 0.07
1101000000000001 20 0.577
1100110000000000 20 0.823
1100101000000000 20 0.358
1100100100000000 20 0.885
1100100010000000 20 0.07
1100100001000000 20 0.358
1100100000100000 20 0.212
1100100000010000 20 0.198
1100100000001000 20 0.335
1100100000000100 20 0.885
1100100000000010 20 0.198
1100100000000001 20 0.148
1100011000000000 20 0.776
1100010100000000 20 0.191
1100010010000000 20 0.81
1100010001000000 20 0.721
1100010000100000 20 0.88
1100010000010000 20 0.671
1100010000001000 20 0.888
1100010000000100 20 0.372
1100010000000010 20 0.288
1100010000000001 20 0.556
1100001100000000 20 0.586
1100001010000000 20 0.852
1100001001000000 20 0.414
1100001000100000 20 0.904
1100001000010000 20 0.024
1100001000001000 20 0.409
1100001000000100 20 0.723
1100001000000010 20 0.518
1100001000000001 20 0.086
1100000110000000 20 0.354
1100000101000000 20 0.265
1100000100100000 20 0.202
1100000100010000 20 0.05
1100000100001000 20 0.819
1100000100000100 20 0.266
1100000100000010 20 0.724
1100000100000001 20 0.8
1100000011000000 20 0.867
1100000010100000 20 0.437
1100000010010000 20 0.45
1100000010001000 20 0.926
1100000010000100 20 0.728
1100000010000010 20 0.152
1100000010000001 20 0.335
1100000001100000 20 0.012
1100000001010000 20 0.344
1100000001001000 20 0.674
1100000001000100 20 0.383
1100000001000010 20 0.44
1100000001000001 20 0.495
1100000000110000 20 0.475
1100000000101000 20 0.179
1100000000100100 20 0.634
1100000000100010 20 0.835
1100000000100001 20 0.476
1100000000011000 20 0.89
1100000000010100 20 0.051
1100000000010010 20 0.586
1100000000010001 20 0.452
1100000000001100 20 0.143
1100000000001010 20 0.437
1100000000001001 20 0.562
1100000000000110 20 0.589
1100000000000101 20 0.396
1100000000000011 20 0.532
1011100000000000 20 0.926
1011010000000000 20 0.362
1011001000000000 20 0.33
1011000100000000 20 0.335
1011000010000000 20 0.576
1011000001000000 20 0.191
1011000000100000 20 0.638
1011000000010000 20 0.283
1011000000001000 20 0.577
1011000000000100 20 0.07
1011000000000010 20 0.635
1011000000000001 20 0.2
1010110000000000 20 0.81
1010101000000000 20 0.867
1010100100000000 20 0.728
1010100010000000 20 0.114
1010100001000000 20 0.852
1010100000100000 20 0.437
1010100000010000 20 0.152
1010100000001000 20 0.283
1010100000000100 20 0.354
1010100000000010 20 0.45
1010100000000001 20 0.335
1010011000000000 20 0.394
1010010100000000 20 0.558
1010010010000000 20 0.1
1010010001000000 20 0.203
1010010000100000 20 0.76
1010010000010000 20 0.267
1010010000001000 20 0.466
1010010000000100 20 0.829
1010010000000010 20 0.045
1010010000000001 20 0.582
1010001100000000 20 0.81
1010001010000000 20 0.292
1010001001000000 20 0.529
1010001000100000 20 0.948
1010001000010000 20 0.057
1010001000001000 20 0.363
1010001000000100 20 0.926
1010001000000010 20 0.641
1010001000000001 20 0.244
1010000110000000 20 0.339
1010000101000000 20 0.794
1010000100100000 20 0.74
1010000100010000 20 0.798
1010000100001000 20 0.678
1010000100000100 20 0.874
1010000100000010 20 0.602
1010000100000001 20 0.74
1010000011000000 20 0.292
1010000010100000 20 0.04
1010000010010000 20 0.125
1010000010001000 20 0.576
1010000010000100 20 0.339
1010000010000010 20 0.125
1010000010000001 20 0.535
1010000001100000 20 0.989
1010000001010000 20 0.692
1010000001001000 20 0.644
1010000001000100 20 0.026
1010000001000010 20 0.288
1010000001000001 20 0.506
1010000000110000 20 0.906
1010000000101000 20 0.39
1010000000100100 20 0.168
1010000000100010 20 0.156
1010000000100001 20 0.28
1010000000011000 20 0.873
1010000000010100 20 0.557
1010000000010010 20 0.208
1010000000010001 20 0.8
1010000000001100 20 0.437
1010000000001010 20 0.454
1010000000001001 20 0.066
1010000000000110 20 0.394
1010000000000101 20 0.561
1010000000000011 20 0.396
1001110000000000 20 0.888
1001101000000000 20 0.674
1001100100000000 20 0.143
1001100010000000 20 0.113
1001100001000000 20 0.409
1001100000100000 20 0.179
1001100000010000 20 0.437
1001100000001000 20 0.2
1001100000000100 20 0.819
1001100000000010 20 0.89
1001100000000001 20 0.562
1001011000000000 20 0.272
1001010100000000 20 0.674
1001010010000000 20 0.466
1001010001000000 20 0.277
1001010000100000 20 0.669
1001010000010000 20 0.644
1001010000001000 20 0.566
1001010000000100 20 0.896
1001010000000010 20 0.968
1001010000000001 20 0.655
1001001100000000 20 0.888
1001001010000000 20 0.644
1001001001000000 20 0.669
1001001000100000 20 0.277
1001001000010000 20 0.466
1001001000001000 20 0.655
1001001000000100 20 0.968
1001001000000010 20 0.896
1001001000000001 20 0.566
1001000110000000 20 0.437
1001000101000000 20 0.179
1001000100100000 20 0.409
1001000100010000 20 0.113
1001000100001000 20 0.562
1001000100000100 20 0.89
1001000100000010 20 0.819
1001000100000001 20 0.2
1001000011000000 20 0.363
1001000010100000 20 0.39
1001000010010000 20 0.454
1001000010001000 20 0.577
1001000010000100 20 0.678
1001000010000010 20 0.873
1001000010000001 20 0.066
1001000001100000 20 0.485
1001000001010000 20 0.39
1001000001001000 20 0.655
1001000001000100 20 0.302
1001000001000010 20 0.284
1001000001000001 20 0.748
1001000000110000 20 0.363
1001000000101000 20 0.748
1001000000100100 20 0.284
1001000000100010 20 0.302
1001000000100001 20 0.655
1001000000011000 20 0.066
1001000000010100 20 0.873
1001000000010010 20 0.678
1001000000010001 20 0.577
1001000000001100 20 0.562
1001000000001010 20 0.066
1001000000001001 20 0.891
1001000000000110 20 0.564
1001000000000101 20 0.066
1001000000000011 20 0.562
1000111000000000 20 0.721
1000110100000000 20 0.372
1000110010000000 20 0.128
1000110001000000 20 0.776
1000110000100000 20 0.88
1000110000010000 20 0.288
1000110000001000 20 0.33
1000110000000100 20 0.191
1000110000000010 20 0.671
1000110000000001 20 0.556
1000101100000000 20 0.383
1000101010000000 20 0.52
1000101001000000 20 0.414
1000101000100000 20 0.012
1000101000010000 20 0.44
1000101000001000 20 0.638
1000101000000100 20 0.265
1000101000000010 20 0.344
1000101000000001 20 0.495
1000100110000000 20 0.383
1000100101000000 20 0.723
1000100100100000 20 0.634
1000100100010000 20 0.589
1000100100001000 20 0.635
1000100100000100 20 0.266
1000100100000010 20 0.051
1000100100000001 20 0.396
1000100011000000 20 0.506
1000100010100000 20 0.358
1000100010010000 20 0.083
1000100010001000 20 0.967
1000100010000100 20 0.157
1000100010000010 20 0.022
1000100010000001 20 0.59
1000100001100000 20 0.904
1000100001010000 20 0.518
1000100001001000 20 0.362
1000100001000100 20 0.586
1000100001000010 20 0.024
1000100001000001 20 0.086
1000100000110000 20 0.835
1000100000101000 20 0.191
1000100000100100 20 0.202
1000100000100010 20 0.475
1000100000100001 20 0.476
1000100000011000 20 0.07
1000100000010100 20 0.724
1000100000010010 20 0.586
1000100000010001 20 0.532
1000100000001100 20 0.926
1000100000001010 20 0.576
1000100000001001 20 0.577
1000100000000110 20 0.05
1000100000000101 20 0.8
1000100000000011 20 0.452
1000011100000000 20 0.398
1000011010000000 20 0.203
1000011001000000 20 0.829
1000011000100000 20 0.562
1000011000010000 20 0.303
1000011000001000 20 0.277
1000011000000100 20 0.772
1000011000000010 20 0.236
1000011000000001 20 0.764
1000010110000000 20 0.829
1000010101000000 20 0.772
1000010100100000 20 0.586
1000010100010000 20 0.552
1000010100001000 20 0.896
1000010100000100 20 0.214
1000010100000010 20 0.186
1000010100000001 20 0.28
1000010011000000 20 0.394
1000010010100000 20 0.76
1000010010010000 20 0.045
1000010010001000 20 0.362
1000010010000100 20 0.558
1000010010000010 20 0.267
1000010010000001 20 0.582
1000010001100000 20 0.562
1000010001010000 20 0.236
1000010001001000 20 0.272
1000010001000100 20 0.398
1000010001000010 20 0.303
1000010001000001 20 0.764
1000010000110000 20 0.98
1000010000101000 20 0.669
1000010000100100 20 0.586
1000010000100010 20 0.98
1000010000100001 20 0.333
1000010000011000 20 0.968
1000010000010100 20 0.186
1000010000010010 20 0.662
1000010000010001 20 0.476
1000010000001100 20 0.674
1000010000001010 20 0.644
1000010000001001 20 0.655
1000010000000110 20 0.552
1000010000000101 20 0.28
1000010000000011 20 0.476
1000001110000000 20 0.026
1000001101000000 20 0.582
1000001100100000 20 0.438
1000001100010000 20 0.474
1000001100001000 20 0.302
1000001100000100 20 0.918
1000001100000010 20 0.831
1000001100000001 20 0.244
1000001011000000 20 0.529
1000001010100000 20 0.989
1000001010010000 20 0.288
1000001010001000 20 0.191
1000001010000100 20 0.794
1000001010000010 20 0.692
1000001010000001 20 0.506
1000001001100000 20 0.502
1000001001010000 20 0.796
1000001001001000 20 0.669
1000001001000100 20 0.582
1000001001000010 20 0.796
1000001001000001 20 0.26
1000001000110000 20 0.242
1000001000101000 20 0.485
1000001000100100 20 0.131
1000001000100010 20 0.876
1000001000100001 20 0.764
1000001000011000 20 0.284
1000001000010100 20 0.934
1000001000010010 20 0.976
1000001000010001 20 0.086
1000001000001100 20 0.179
1000001000001010 20 0.39
1000001000001001 20 0.748
1000001000000110 20 0.061
1000001000000101 20 0.506
1000001000000011 20 0.495
1000000111000000 20 0.926
1000000110100000 20 0.168
1000000110010000 20 0.394
1000000110001000 20 0.07
1000000110000100 20 0.874
1000000110000010 20 0.557
1000000110000001 20 0.561
1000000101100000 20 0.131
1000000101010000 20 0.061
1000000101001000 20 0.968
1000000101000100 20 0.918
1000000101000010 20 0.934
1000000101000001 20 0.506
1000000100110000 20 0.452
1000000100101000 20 0.284
1000000100100100 20 0.644
1000000100100010 20 0.61
1000000100100001 20 0.582
1000000100011000 20 0.564
1000000100010100 20 0.062
1000000100010010 20 0.576
1000000100010001 20 0.59
1000000100001100 20 0.89
1000000100001010 20 0.873
1000000100001001 20 0.066
1000000100000110 20 0.062
1000000100000101 20 0.535
1000000100000011 20 0.335
1000000011100000 20 0.948
1000000011010000 20 0.641
1000000011001000 20 0.33
1000000011000100 20 0.81
1000000011000010 20 0.057
1000000011000001 20 0.244
1000000010110000 20 0.156
1000000010101000 20 0.638
1000000010100100 20 0.74
1000000010100010 20 0.906
1000000010100001 20 0.28
1000000010011000 20 0.635
1000000010010100 20 0.602
1000000010010010 20 0.208
1000000010010001 20 0.396
1000000010001100 20 0.335
1000000010001010 20 0.283
1000000010001001 20 0.2
1000000010000110 20 0.798
1000000010000101 20 0.74
1000000010000011 20 0.8
1000000001110000 20 0.876
1000000001101000 20 0.277
1000000001100100 20 0.438
1000000001100010 20 0.242
1000000001100001 20 0.764
1000000001011000 20 0.896
1000000001010100 20 0.831
1000000001010010 20 0.976
1000000001010001 20 0.495
1000000001001100 20 0.888
1000000001001010 20 0.466
1000000001001001 20 0.566
1000000001000110 20 0.474
1000000001000101 20 0.244
1000000001000011 20 0.086
1000000000111000 20 0.302
1000000000110100 20 0.61
1000000000110010 20 0.428
1000000000110001 20 0.556
1000000000101100 20 0.409
1000000000101010 20 0.363
1000000000101001 20 0.655
1000000000100110 20 0.452
1000000000100101 20 0.582
1000000000100011 20 0.556
1000000000011100 20 0.819
1000000000011010 20 0.678
1000000000011001 20 0.562
1000000000010110 20 0.576
1000000000010101 20 0.335
1000000000010011 20 0.148
1000000000001110 20 0.113
1000000000001101 20 0.2
1000000000001011 20 0.577
1000000000000111 20 0.59
0111100000000000 20 0.157
0111010000000000 20 0.506
0111001000000000 20 0.128
0111000100000000 20 0.07
0111000010000000 20 0.022
0111000001000000 20 0.358
0111000000100000 20 0.52
0111000000010000 20 0.114
0111000000001000 20 0.59
0111000000000100 20 0.083
0111000000000010 20 0.383
0111000000000001 20 0.113
0110110000000000 20 0.078
0110101000000000 20 0.773
0110100100000000 20 0.363
0110100010000000 20 0.076
0110100001000000 20 0.537
0110100000100000 20 0.406
0110100000010000 20 0.699
0110100000001000 20 0.798
0110100000000100 20 0.656
0110100000000010 20 0.32
0110100000000001 20 0.576
0110011000000000 20 0.743
0110010100000000 20 0.773
0110010010000000 20 0.284
0110010001000000 20 0.541
0110010000100000 20 0.843
0110010000010000 20 0.444
0110010000001000 20 0.474
0110010000000100 20 0.617
0110010000000010 20 0.939
0110010000000001 20 0.452
0110001100000000 20 0.078
0110001010000000 20 0.444
0110001001000000 20 0.843
0110001000100000 20 0.541
0110001000010000 20 0.284
0110001000001000 20 0.452
0110001000000100 20 0.939
0110001000000010 20 0.617
0110001000000001 20 0.474
0110000110000000 20 0.699
0110000101000000 20 0.406
0110000100100000 20 0.537
0110000100010000 20 0.076
0110000100001000 20 0.576
0110000100000100 20 0.32
0110000100000010 20 0.656
0110000100000001 20 0.798
0110000011000000 20 0.046
0110000010100000 20 0.285
0110000010010000 20 0.404
0110000010001000 20 0.05
0110000010000100 20 0.426
0110000010000010 20 0.002
0110000010000001 20 0.062
0110000001100000 20 0.592
0110000001010000 20 0.285
0110000001001000 20 0.552
0110000001000100 20 0.874
0110000001000010 20 0.484
0110000001000001 20 0.061
0110000000110000 20 0.046
0110000000101000 20 0.061
0110000000100100 20 0.484
0110000000100010 20 0.874
0110000000100001 20 0.552
0110000000011000 20 0.062
0110000000010100 20 0.002
0110000000010010 20 0.426
0110000000010001 20 0.05
0110000000001100 20 0.589
0110000000001010 20 0.394
0110000000001001 20 0.564
0110000000000110 20 0.702
0110000000000101 20 0.394
0110000000000011 20 0.589
0101110000000000 20 0.81
0101101000000000 20 0.558
0101100100000000 20 0.728
0101100010000000 20 0.798
0101100001000000 20 0.74
0101100000100000 20 0.794
0101100000010000 20 0.339
0101100000001000 20 0.74
0101100000000100 20 0.602
0101100000000010 20 0.874
0101100000000001 20 0.678
0101011000000000 20 0.394
0101010100000000 20 0.867
0101010010000000 20 0.057
0101010001000000 20 0.948
0101010000100000 20 0.529
0101010000010000 20 0.292
0101010000001000 20 0.244
0101010000000100 20 0.641
0101010000000010 20 0.926
0101010000000001 20 0.363
0101001100000000 20 0.81
0101001010000000 20 0.267
0101001001000000 20 0.76
0101001000100000 20 0.203
0101001000010000 20 0.1
0101001000001000 20 0.582
0101001000000100 20 0.045
0101001000000010 20 0.829
0101001000000001 20 0.466
0101000110000000 20 0.152
0101000101000000 20 0.437
0101000100100000 20 0.852
0101000100010000 20 0.114
0101000100001000 20 0.335
0101000100000100 20 0.45
0101000100000010 20 0.354
0101000100000001 20 0.283
0101000011000000 20 0.906
0101000010100000 20 0.692
0101000010010000 20 0.125
0101000010001000 20 0.8
0101000010000100 20 0.208
0101000010000010 20 0.557
0101000010000001 20 0.873
0101000001100000 20 0.989
0101000001010000 20 0.04
0101000001001000 20 0.28
0101000001000100 20 0.156
0101000001000010 20 0.168
0101000001000001 20 0.39
0101000000110000 20 0.292
0101000000101000 20 0.506
0101000000100100 20 0.288
0101000000100010 20 0.026
0101000000100001 20 0.644
0101000000011000 20 0.535
0101000000010100 20 0.125
0101000000010010 20 0.339
0101000000010001 20 0.576
0101000000001100 20 0.396
0101000000001010 20 0.561
0101000000001001 20 0.066
0101000000000110 20 0.394
0101000000000101 20 0.454
0101000000000011 20 0.437
0100111000000000 20 0.41
0100110100000000 20 0.277
0100110010000000 20 0.078
0100110001000000 20 0.41
0100110000100000 20 0.602
0100110000010000 20 0.765
0100110000001000 20 0.81
0100110000000100 20 0.277
0100110000000010 20 0.765
0100110000000001 20 0.428
0100101100000000 20 0.823
0100101010000000 20 0.537
0100101001000000 20 0.788
0100101000100000 20 0.906
0100101000010000 20 0.308
0100101000001000 20 0.74
0100101000000100 20 0.218
0100101000000010 20 0.117
0100101000000001 20 0.976
0100100110000000 20 0.656
0100100101000000 20 0.218
0100100100100000 20 0.982
0100100100010000 20 0.426
0100100100001000 20 0.602
0100100100000100 20 0.184
0100100100000010 20 0.242
0100100100000001 20 0.208
0100100011000000 20 0.773
0100100010100000 20 0.406
0100100010010000 20 0.32
0100100010001000 20 0.157
0100100010000100 20 0.363
0100100010000010 20 0.699
0100100010000001 20 0.576
0100100001100000 20 0.906
0100100001010000 20 0.117
0100100001001000 20 0.558
0100100001000100 20 0.823
0100100001000010 20 0.308
0100100001000001 20 0.976
0100100000110000 20 0.184
0100100000101000 20 0.794
0100100000100100 20 0.982
0100100000100010 20 0.184
0100100000100001 20 0.662
0100100000011000 20 0.874
0100100000010100 20 0.242
0100100000010010 20 0.499
0100100000010001 20 0.586
0100100000001100 20 0.728
0100100000001010 20 0.339
0100100000001001 20 0.678
0100100000000110 20 0.426
0100100000000101 20 0.208
0100100000000011 20 0.586
0100011100000000 20 0.789
0100011010000000 20 0.23
0100011001000000 20 0.069
0100011000100000 20 0.422
0100011000010000 20 0.428
0100011000001000 20 0.438
0100011000000100 20 0.842
0100011000000010 20 0.489
0100011000000001 20 0.242
0100010110000000 20 0.89
0100010101000000 20 0.832
0100010100100000 20 0.26
0100010100010000 20 0.046
0100010100001000 20 0.831
0100010100000100 20 0.149
0100010100000010 20 0.818
0100010100000001 20 0.906
0100010011000000 20 0.789
0100010010100000 20 0.843
0100010010010000 20 0.896
0100010010001000 20 0.586
0100010010000100 20 0.823
0100010010000010 20 0.716
0100010010000001 20 0.61
0100010001100000 20 0.702
0100010001010000 20 0.469
0100010001001000 20 0.398
0100010001000100 20 0.818
0100010001000010 20 0.96
0100010001000001 20 0.876
0100010000110000 20 0.262
0100010000101000 20 0.582
0100010000100100 20 0.625
0100010000100010 20 0.304
0100010000100001 20 0.98
0100010000011000 20 0.918
0100010000010100 20 0.508
0100010000010010 20 0.184
0100010000010001 20 0.475
0100010000001100 20 0.383
0100010000001010 20 0.026
0100010000001001 20 0.302
0100010000000110 20 0.874
0100010000000101 20 0.156
0100010000000011 20 0.835
0100001110000000 20 0.716
0100001101000000 20 0.843
0100001100100000 20 0.23
0100001100010000 20 0.284
0100001100001000 20 0.61
0100001100000100 20 0.896
0100001100000010 20 0.89
0100001100000001 20 0.057
0100001011000000 20 0.26
0100001010100000 20 0.694
0100001010010000 20 0.46
0100001010001000 20 0.202
0100001010000100 20 0.982
0100001010000010 20 0.72
0100001010000001 20 0.934
0100001001100000 20 0.133
0100001001010000 20 0.804
0100001001001000 20 0.586
0100001001000100 20 0.625
0100001001000010 20 0.173
0100001001000001 20 0.796
0100001000110000 20 0.428
0100001000101000 20 0.131
0100001000100100 20 0.52
0100001000100010 20 0.96
0100001000100001 20 0.303
0100001000011000 20 0.644
0100001000010100 20 0.46
0100001000010010 20 0.308
0100001000010001 20 0.024
0100001000001100 20 0.634
0100001000001010 20 0.168
0100001000001001 20 0.284
0100001000000110 20 0.484
0100001000000101 20 0.288
0100001000000011 20 0.44
0100000111000000 20 0.818
0100000110100000 20 0.72
0100000110010000 20 0.002
0100000110001000 20 0.724
0100000110000100 20 0.242
0100000110000010 20 0.54
0100000110000001 20 0.557
0100000101100000 20 0.694
0100000101010000 20 0.285
0100000101001000 20 0.186
0100000101000100 20 0.508
0100000101000010 20 0.72
0100000101000001 20 0.692
0100000100110000 20 0.444
0100000100101000 20 0.934
0100000100100100 20 0.46
0100000100100010 20 0.716
0100000100100001 20 0.267
0100000100011000 20 0.062
0100000100010100 20 0.404
0100000100010010 20 0.699
0100000100010001 20 0.022
0100000100001100 20 0.051
0100000100001010 20 0.557
0100000100001001 20 0.873
0100000100000110 20 0.002
0100000100000101 20 0.125
0100000100000011 20 0.152
0100000011100000 20 0.832
0100000011010000 20 0.149
0100000011001000 20 0.191
0100000011000100 20 0.277
0100000011000010 20 0.89
0100000011000001 20 0.831
0100000010110000 20 0.508
0100000010101000 20 0.265
0100000010100100 20 0.218
0100000010100010 20 0.818
0100000010100001 20 0.186
0100000010011000 20 0.266
0100000010010100 20 0.184
0100000010010010 20 0.242
0100000010010001 20 0.051
0100000010001100 20 0.885
0100000010001010 20 0.354
0100000010001001 20 0.819
0100000010000110 20 0.656
0100000010000101 20 0.602
0100000010000011 20 0.724
0100000001110000 20 0.469
0100000001101000 20 0.772
0100000001100100 20 0.842
0100000001100010 20 0.489
0100000001100001 20 0.236
0100000001011000 20 0.214
0100000001010100 20 0.149
0100000001010010 20 0.117
0100000001010001 20 0.344
0100000001001100 20 0.372
0100000001001010 20 0.829
0100000001001001 20 0.896
0100000001000110 20 0.617
0100000001000101 20 0.641
0100000001000011 20 0.518
0100000000111000 20 0.918
0100000000110100 20 0.896
0100000000110010 20 0.765
0100000000110001 20 0.671
0100000000101100 20 0.723
0100000000101010 20 0.926
0100000000101001 20 0.968
0100000000100110 20 0.939
0100000000100101 20 0.045
0100000000100011 20 0.288
0100000000011100 20 0.266
0100000000011010 20 0.874
0100000000011001 20 0.89
0100000000010110 20 0.32
0100000000010101 20 0.45
0100000000010011 20 0.198
0100000000001110 20 0.383
0100000000001101 20 0.635
0100000000001011 20 0.07
0100000000000111 20 0.083
0011110000000000 20 0.586
0011101000000000 20 0.191
0011100100000000 20 0.885
0011100010000000 20 0.05
0011100001000000 20 0.202
0011100000100000 20 0.265
0011100000010000 20 0.354
0011100000001000 20 0.8
0011100000000100 20 0.724
0011100000000010 20 0.266
0011100000000001 20 0.819
0011011000000000 20 0.776
0011010100000000 20 0.358
0011010010000000 20 0.024
0011010001000000 20 0.904
0011010000100000 20 0.414
0011010000010000 20 0.852
0011010000001000 20 0.086
0011010000000100 20 0.518
0011010000000010 20 0.723
0011010000000001 20 0.409
0011001100000000 20 0.823
0011001010000000 20 0.671
0011001001000000 20 0.88
0011001000100000 20 0.721
0011001000010000 20 0.81
0011001000001000 20 0.556
0011001000000100 20 0.288
0011001000000010 20 0.372
0011001000000001 20 0.888
0011000110000000 20 0.198
0011000101000000 20 0.212
0011000100100000 20 0.358
0011000100010000 20 0.07
0011000100001000 20 0.148
0011000100000100 20 0.198
0011000100000010 20 0.885
0011000100000001 20 0.335
0011000011000000 20 0.475
0011000010100000 20 0.344
0011000010010000 20 0.45
0011000010001000 20 0.452
0011000010000100 20 0.586
0011000010000010 20 0.051
0011000010000001 20 0.89
0011000001100000 20 0.012
0011000001010000 20 0.437
0011000001001000 20 0.476
0011000001000100 20 0.835
0011000001000010 20 0.634
0011000001000001 20 0.179
0011000000110000 20 0.867
0011000000101000 20 0.495
0011000000100100 20 0.44
0011000000100010 20 0.383
0011000000100001 20 0.674
0011000000011000 20 0.335
0011000000010100 20 0.152
0011000000010010 20 0.728
0011000000010001 20 0.926
0011000000001100 20 0.532
0011000000001010 20 0.396
0011000000001001 20 0.562
0011000000000110 20 0.589
0011000000000101 20 0.437
0011000000000011 20 0.143
0010111000000000 20 0.789
0010110100000000 20 0.823
0010110010000000 20 0.284
0010110001000000 20 0.23
0010110000100000 20 0.843
0010110000010000 20 0.716
0010110000001000 20 0.057
0010110000000100 20 0.89
0010110000000010 20 0.896
0010110000000001 20 0.61
0010101100000000 20 0.277
0010101010000000 20 0.046
0010101001000000 20 0.26
0010101000100000 20 0.832
0010101000010000 20 0.89
0010101000001000 20 0.906
0010101000000100 20 0.818
0010101000000010 20 0.149
0010101000000001 20 0.831
0010100110000000 20 0.426
0010100101000000 20 0.982
0010100100100000 20 0.218
0010100100010000 20 0.656
0010100100001000 20 0.208
0010100100000100 20 0.242
0010100100000010 20 0.184
0010100100000001 20 0.602
0010100011000000 20 0.444
0010100010100000 20 0.285
0010100010010000 20 0.002
0010100010001000 20 0.022
0010100010000100 20 0.699
0010100010000010 20 0.404
0010100010000001 20 0.062
0010100001100000 20 0.694
0010100001010000 20 0.72
0010100001001000 20 0.267
0010100001000100 20 0.716
0010100001000010 20 0.46
0010100001000001 20 0.934
0010100000110000 20 0.818
0010100000101000 20 0.692
0010100000100100 20 0.72
0010100000100010 20 0.508
0010100000100001 20 0.186
0010100000011000 20 0.557
0010100000010100 20 0.54
0010100000010010 20 0.242
0010100000010001 20 0.724
0010100000001100 20 0.152
0010100000001010 20 0.125
0010100000001001 20 0.873
0010100000000110 20 0.002
0010100000000101 20 0.557
0010100000000011 20 0.051
0010011100000000 20 0.41
0010011010000000 20 0.428
0010011001000000 20 0.422
0010011000100000 20 0.069
0010011000010000 20 0.23
0010011000001000 20 0.242
0010011000000100 20 0.489
0010011000000010 20 0.842
0010011000000001 20 0.438
0010010110000000 20 0.308
0010010101000000 20 0.906
0010010100100000 20 0.788
0010010100010000 20 0.537
0010010100001000 20 0.976
0010010100000100 20 0.117
0010010100000010 20 0.218
0010010100000001 20 0.74
0010010011000000 20 0.428
0010010010100000 20 0.804
0010010010010000 20 0.46
0010010010001000 20 0.024
0010010010000100 20 0.308
0010010010000010 20 0.46
0010010010000001 20 0.644
0010010001100000 20 0.133
0010010001010000 20 0.694
0010010001001000 20 0.303
0010010001000100 20 0.96
0010010001000010 20 0.52
0010010001000001 20 0.131
0010010000110000 20 0.26
0010010000101000 20 0.796
0010010000100100 20 0.173
0010010000100010 20 0.625
0010010000100001 20 0.586
0010010000011000 20 0.934
0010010000010100 20 0.72
0010010000010010 20 0.982
0010010000010001 20 0.202
0010010000001100 20 0.44
0010010000001010 20 0.288
0010010000001001 20 0.284
0010010000000110 20 0.484
0010010000000101 20 0.168
0010010000000011 20 0.634
0010001110000000 20 0.765
0010001101000000 20 0.602
0010001100100000 20 0.41
0010001100010000 20 0.078
0010001100001000 20 0.428
0010001100000100 20 0.765
0010001100000010 20 0.277
0010001100000001 20 0.81
0010001011000000 20 0.262
0010001010100000 20 0.469
0010001010010000 20 0.896
0010001010001000 20 0.475
0010001010000100 20 0.184
0010001010000010 20 0.508
0010001010000001 20 0.918
0010001001100000 20 0.702
0010001001010000 20 0.843
0010001001001000 20 0.98
0010001001000100 20 0.304
0010001001000010 20 0.625
0010001001000001 20 0.582
0010001000110000 20 0.789
0010001000101000 20 0.876
0010001000100100 20 0.96
0010001000100010 20 0.818
0010001000100001 20 0.398
0010001000011000 20 0.61
0010001000010100 20 0.716
0010001000010010 20 0.823
0010001000010001 20 0.586
0010001000001100 20 0.835
0010001000001010 20 0.156
0010001000001001 20 0.302
0010001000000110 20 0.874
0010001000000101 20 0.026
0010001000000011 20 0.383
0010000111000000 20 0.184
0010000110100000 20 0.117
0010000110010000 20 0.32
0010000110001000 20 0.586
0010000110000100 20 0.499
0010000110000010 20 0.242
0010000110000001 20 0.874
0010000101100000 20 0.906
0010000101010000 20 0.406
0010000101001000 20 0.662
0010000101000100 20 0.184
0010000101000010 20 0.982
0010000101000001 20 0.794
0010000100110000 20 0.773
0010000100101000 20 0.976
0010000100100100 20 0.308
0010000100100010 20 0.823
0010000100100001 20 0.558
0010000100011000 20 0.576
0010000100010100 20 0.699
0010000100010010 20 0.363
0010000100010001 20 0.157
0010000100001100 20 0.586
0010000100001010 20 0.208
0010000100001001 20 0.678
0010000100000110 20 0.426
0010000100000101 20 0.339
0010000100000011 20 0.728
0010000011100000 20 0.469
0010000011010000 20 0.508
0010000011001000 20 0.671
0010000011000100 20 0.765
0010000011000010 20 0.896
0010000011000001 20 0.918
0010000010110000 20 0.149
0010000010101000 20 0.344
0010000010100100 20 0.117
0010000010100010 20 0.149
0010000010100001 20 0.214
0010000010011000 20 0.051
0010000010010100 20 0.242
0010000010010010 20 0.184
0010000010010001 20 0.266
0010000010001100 20 0.198
0010000010001010 20 0.45
0010000010001001 20 0.89
0010000010000110 20 0.32
0010000010000101 20 0.874
0010000010000011 20 0.266
0010000001110000 20 0.832
0010000001101000 20 0.236
0010000001100100 20 0.489
0010000001100010 20 0.842
0010000001100001 20 0.772
0010000001011000 20 0.186
0010000001010100 20 0.818
0010000001010010 20 0.218
0010000001010001 20 0.265
0010000001001100 20 0.288
0010000001001010 20 0.045
0010000001001001 20 0.968
0010000001000110 20 0.939
0010000001000101 20 0.926
0010000001000011 20 0.723
0010000000111000 20 0.831
0010000000110100 20 0.89
0010000000110010 20 0.277
0010000000110001 20 0.191
0010000000101100 20 0.518
0010000000101010 20 0.641
0010000000101001 20 0.896
0010000000100110 20 0.617
0010000000100101 20 0.829
0010000000100011 20 0.372
0010000000011100 20 0.724
0010000000011010 20 0.602
0010000000011001 20 0.819
0010000000010110 20 0.656
0010000000010101 20 0.354
0010000000010011 20 0.885
0010000000001110 20 0.083
0010000000001101 20 0.07
0010000000001011 20 0.635
0010000000000111 20 0.383
0001111000000000 20 0.398
0001110100000000 20 0.383
0001110010000000 20 0.474
0001110001000000 20 0.438
0001110000100000 20 0.582
0001110000010000 20 0.026
0001110000001000 20 0.244
0001110000000100 20 0.831
0001110000000010 20 0.918
0001110000000001 20 0.302
0001101100000000 20 0.372
0001101010000000 20 0.552
0001101001000000 20 0.586
0001101000100000 20 0.772
0001101000010000 20 0.829
0001101000001000 20 0.28
0001101000000100 20 0.186
0001101000000010 20 0.214
0001101000000001 20 0.896
0001100110000000 20 0.589
0001100101000000 20 0.634
0001100100100000 20 0.723
0001100100010000 20 0.383
0001100100001000 20 0.396
0001100100000100 20 0.051
0001100100000010 20 0.266
0001100100000001 20 0.635
0001100011000000 20 0.452
0001100010100000 20 0.061
0001100010010000 20 0.394
0001100010001000 20 0.59
0001100010000100 20 0.576
0001100010000010 20 0.062
0001100010000001 20 0.564
0001100001100000 20 0.131
0001100001010000 20 0.168
0001100001001000 20 0.582
0001100001000100 20 0.61
0001100001000010 20 0.644
0001100001000001 20 0.284
0001100000110000 20 0.926
0001100000101000 20 0.506
0001100000100100 20 0.934
0001100000100010 20 0.918
0001100000100001 20 0.968
0001100000011000 20 0.561
0001100000010100 20 0.557
0001100000010010 20 0.874
0001100000010001 20 0.07
0001100000001100 20 0.335
0001100000001010 20 0.535
0001100000001001 20 0.066
0001100000000110 20 0.062
0001100000000101 20 0.873
0001100000000011 20 0.89
0001011100000000 20 0.721
0001011010000000 20 0.303
0001011001000000 20 0.562
0001011000100000 20 0.829
0001011000010000 20 0.203
0001011000001000 20 0.764
0001011000000100 20 0.236
0001011000000010 20 0.772
0001011000000001 20 0.277
0001010110000000 20 0.44
0001010101000000 20 0.012
0001010100100000 20 0.414
0001010100010000 20 0.52
0001010100001000 20 0.495
0001010100000100 20 0.344
0001010100000010 20 0.265
0001010100000001 20 0.638
0001010011000000 20 0.242
0001010010100000 20 0.796
0001010010010000 20 0.288
0001010010001000 20 0.086
0001010010000100 20 0.976
0001010010000010 20 0.934
0001010010000001 20 0.284
0001010001100000 20 0.502
0001010001010000 20 0.989
0001010001001000 20 0.764
0001010001000100 20 0.876
0001010001000010 20 0.131
0001010001000001 20 0.485
0001010000110000 20 0.529
0001010000101000 20 0.26
0001010000100100 20 0.796
0001010000100010 20 0.582
0001010000100001 20 0.669
0001010000011000 20 0.506
0001010000010100 20 0.692
0001010000010010 20 0.794
0001010000010001 20 0.191
0001010000001100 20 0.495
0001010000001010 20 0.506
0001010000001001 20 0.748
0001010000000110 20 0.061
0001010000000101 20 0.39
0001010000000011 20 0.179
0001001110000000 20 0.288
0001001101000000 20 0.88
0001001100100000 20 0.776
0001001100010000 20 0.128
0001001100001000 20 0.556
0001001100000100 20 0.671
0001001100000010 20 0.191
0001001100000001 20 0.33
0001001011000000 20 0.98
0001001010100000 20 0.236
0001001010010000 20 0.045
0001001010001000 20 0.476
0001001010000100 20 0.662
0001001010000010 20 0.186
0001001010000001 20 0.968
0001001001100000 20 0.562
0001001001010000 20 0.76
0001001001001000 20 0.333
0001001001000100 20 0.98
0001001001000010 20 0.586
0001001001000001 20 0.669
0001001000110000 20 0.394
0001001000101000 20 0.764
0001001000100100 20 0.303
0001001000100010 20 0.398
0001001000100001 20 0.272
0001001000011000 20 0.582
0001001000010100 20 0.267
0001001000010010 20 0.558
0001001000010001 20 0.362
0001001000001100 20 0.476
0001001000001010 20 0.28
0001001000001001 20 0.655
0001001000000110 20 0.552
0001001000000101 20 0.644
0001001000000011 20 0.674
0001000111000000 20 0.835
0001000110100000 20 0.518
0001000110010000 20 0.083
0001000110001000 20 0.532
0001000110000100 20 0.586
0001000110000010 20 0.724
0001000110000001 20 0.07
0001000101100000 20 0.904
0001000101010000 20 0.358
0001000101001000 20 0.476
0001000101000100 20 0.475
0001000101000010 20 0.202
0001000101000001 20 0.191
0001000100110000 20 0.506
0001000100101000 20 0.086
0001000100100100 20 0.024
0001000100100010 20 0.586
0001000100100001 20 0.362
0001000100011000 20 0.59
0001000100010100 20 0.022
0001000100010010 20 0.157
0001000100010001 20 0.967
0001000100001100 20 0.452
0001000100001010 20 0.8
0001000100001001 20 0.577
0001000100000110 20 0.05
0001000100000101 20 0.576
0001000100000011 20 0.926
0001000011100000 20 0.876
0001000011010000 20 0.156
0001000011001000 20 0.556
0001000011000100 20 0.428
0001000011000010 20 0.61
0001000011000001 20 0.302
0001000010110000 20 0.641
0001000010101000 20 0.495
0001000010100100 20 0.976
0001000010100010 20 0.831
0001000010100001 20 0.896
0001000010011000 20 0.396
0001000010010100 20 0.208
0001000010010010 20 0.602
0001000010010001 20 0.635
0001000010001100 20 0.148
0001000010001010 20 0.335
0001000010001001 20 0.562
0001000010000110 20 0.576
0001000010000101 20 0.678
0001000010000011 20 0.819
0001000001110000 20 0.948
0001000001101000 20 0.764
0001000001100100 20 0.242
0001000001100010 20 0.438
0001000001100001 20 0.277
0001000001011000 20 0.28
0001000001010100 20 0.906
0001000001010010 20 0.74
0001000001010001 20 0.638
0001000001001100 20 0.556
0001000001001010 20 0.582
0001000001001001 20 0.655
0001000001000110 20 0.452
0001000001000101 20 0.363
0001000001000011 20 0.409
0001000000111000 20 0.244
0001000000110100 20 0.057
0001000000110010 20 0.81
0001000000110001 20 0.33
0001000000101100 20 0.086
0001000000101010 20 0.244
0001000000101001 20 0.566
0001000000100110 20 0.474
0001000000100101 20 0.466
0001000000100011 20 0.888
0001000000011100 20 0.8
0001000000011010 20 0.74
0001000000011001 20 0.2
0001000000010110 20 0.798
0001000000010101 20 0.283
0001000000010011 20 0.335
0001000000001110 20 0.59
0001000000001101 20 0.577
0001000000001011 20 0.2
0001000000000111 20 0.113
0000111100000000 20 0.818
0000111010000000 20 0.541
0000111001000000 20 0.069
0000111000100000 20 0.702
0000111000010000 20 0.96
0000111000001000 20 0.948
0000111000000100 20 0.832
0000111000000010 20 0.469
0000111000000001 20 0.876
0000110110000000 20 0.617
0000110101000000 20 0.842
0000110100100000 20 0.625
0000110100010000 20 0.874
0000110100001000 20 0.641
0000110100000100 20 0.149
0000110100000010 20 0.508
0000110100000001 20 0.156
0000110011000000 20 0.743
0000110010100000 20 0.843
0000110010010000 20 0.939
0000110010001000 20 0.506
0000110010000100 20 0.773
0000110010000010 20 0.444
0000110010000001 20 0.452
0000110001100000 20 0.422
0000110001010000 20 0.489
0000110001001000 20 0.394
0000110001000100 20 0.789
0000110001000010 20 0.428
0000110001000001 20 0.242
0000110000110000 20 0.304
0000110000101000 20 0.529
0000110000100100 20 0.26
0000110000100010 20 0.262
0000110000100001 20 0.98
0000110000011000 20 0.926
0000110000010100 20 0.818
0000110000010010 20 0.184
0000110000010001 20 0.835
0000110000001100 20 0.867
0000110000001010 20 0.292
0000110000001001 20 0.363
0000110000000110 20 0.046
0000110000000101 20 0.906
0000110000000011 20 0.475
0000101110000000 20 0.874
0000101101000000 20 0.625
0000101100100000 20 0.842
0000101100010000 20 0.617
0000101100001000 20 0.156
0000101100000100 20 0.508
0000101100000010 20 0.149
0000101100000001 20 0.641
0000101011000000 20 0.843
0000101010100000 20 0.592
0000101010010000 20 0.484
0000101010001000 20 0.358
0000101010000100 20 0.406
0000101010000010 20 0.285
0000101010000001 20 0.061
0000101001100000 20 0.133
0000101001010000 20 0.173
0000101001001000 20 0.76
0000101001000100 20 0.843
0000101001000010 20 0.804
0000101001000001 20 0.796
0000101000110000 20 0.489
0000101000101000 20 0.989
0000101000100100 20 0.694
0000101000100010 20 0.469
0000101000100001 20 0.236
0000101000011000 20 0.168
0000101000010100 20 0.72
0000101000010010 20 0.117
0000101000010001 20 0.518
0000101000001100 20 0.437
0000101000001010 20 0.04
0000101000001001 20 0.39
0000101000000110 20 0.285
0000101000000101 20 0.692
0000101000000011 20 0.344
0000100111000000 20 0.939
0000100110100000 20 0.484
0000100110010000 20 0.702
0000100110001000 20 0.083
0000100110000100 20 0.32
0000100110000010 20 0.002
0000100110000001 20 0.394
0000100101100000 20 0.52
0000100101010000 20 0.484
0000100101001000 20 0.045
0000100101000100 20 0.896
0000100101000010 20 0.46
0000100101000001 20 0.288
0000100100110000 20 0.939
0000100100101000 20 0.288
0000100100100100 20 0.46
0000100100100010 20 0.896
0000100100100001 20 0.045
0000100100011000 20 0.394
0000100100010100 20 0.002
0000100100010010 20 0.32
0000100100010001 20 0.083
0000100100001100 20 0.45
0000100100001010 20 0.125
0000100100001001 20 0.454
0000100100000110 20 0.404
0000100100000101 20 0.125
0000100100000011 20 0.45
0000100011100000 20 0.541
0000100011010000 20 0.617
0000100011001000 20 0.128
0000100011000100 20 0.078
0000100011000010 20 0.284
0000100011000001 20 0.474
0000100010110000 20 0.874
0000100010101000 20 0.52
0000100010100100 20 0.537
0000100010100010 20 0.046
0000100010100001 20 0.552
0000100010011000 20 0.383
0000100010010100 20 0.656
0000100010010010 20 0.426
0000100010010001 20 0.589
0000100010001100 20 0.07
0000100010001010 20 0.114
0000100010001001 20 0.113
0000100010000110 20 0.076
0000100010000101 20 0.798
0000100010000011 20 0.05
0000100001110000 20 0.96
0000100001101000 20 0.203
0000100001100100 20 0.23
0000100001100010 20 0.428
0000100001100001 20 0.303
0000100001011000 20 0.829
0000100001010100 20 0.89
0000100001010010 20 0.308
0000100001010001 20 0.44
0000100001001100 20 0.81
0000100001001010 20 0.1
0000100001001001 20 0.466
0000100001000110 20 0.284
0000100001000101 20 0.057
0000100001000011 20 0.024
0000100000111000 20 0.026
0000100000110100 20 0.716
0000100000110010 20 0.765
0000100000110001 20 0.288
0000100000101100 20 0.852
0000100000101010 20 0.292
0000100000101001 20 0.644
0000100000100110 20 0.444
0000100000100101 20 0.267
0000100000100011 20 0.671
0000100000011100 20 0.354
0000100000011010 20 0.339
0000100000011001 20 0.437
0000100000010110 20 0.699
0000100000010101 20 0.152
0000100000010011 20 0.198
0000100000001110 20 0.114
0000100000001101 20 0.283
0000100000001011 20 0.576
0000100000000111 20 0.022
0000011110000000 20 0.96
0000011101000000 20 0.702
0000011100100000 20 0.069
0000011100010000 20 0.541
0000011100001000 20 0.876
0000011100000100 20 0.469
0000011100000010 20 0.832
0000011100000001 20 0.948
0000011011000000 20 0.422
0000011010100000 20 0.133
0000011010010000 20 0.52
0000011010001000 20 0.904
0000011010000100 20 0.906
0000011010000010 20 0.694
0000011010000001 20 0.131
0000011001100000 20 0.968
0000011001010000 20 0.133
0000011001001000 20 0.562
0000011001000100 20 0.702
0000011001000010 20 0.133
0000011001000001 20 0.502
0000011000110000 20 0.422
0000011000101000 20 0.502
0000011000100100 20 0.133
0000011000100010 20 0.702
0000011000100001 20 0.562
0000011000011000 20 0.131
0000011000010100 20 0.694
0000011000010010 20 0.906
0000011000010001 20 0.904
0000011000001100 20 0.012
0000011000001010 20 0.989
0000011000001001 20 0.485
0000011000000110 20 0.592
0000011000000101 20 0.989
0000011000000011 20 0.012
0000010111000000 20 0.489
0000010110100000 20 0.173
0000010110010000 20 0.484
0000010110001000 20 0.518
0000010110000100 20 0.117
0000010110000010 20 0.72
0000010110000001 20 0.168
0000010101100000 20 0.133
0000010101010000 20 0.592
0000010101001000 20 0.236
0000010101000100 20 0.469
0000010101000010 20 0.694
0000010101000001 20 0.989
0000010100110000 20 0.843
0000010100101000 20 0.796
0000010100100100 20 0.804
0000010100100010 20 0.843
0000010100100001 20 0.76
0000010100011000 20 0.061
0000010100010100 20 0.285
0000010100010010 20 0.406
0000010100010001 20 0.358
0000010100001100 20 0.344
0000010100001010 20 0.692
0000010100001001 20 0.39
0000010100000110 20 0.285
0000010100000101 20 0.04
0000010100000011 20 0.437
0000010011100000 20 0.069
0000010011010000 20 0.842
0000010011001000 20 0.776
0000010011000100 20 0.41
0000010011000010 20 0.23
0000010011000001 20 0.438
0000010010110000 20 0.625
0000010010101000 20 0.414
0000010010100100 20 0.788
0000010010100010 20 0.26
0000010010100001 20 0.586
0000010010011000 20 0.723
0000010010010100 20 0.218
0000010010010010 20 0.982
0000010010010001 20 0.634
0000010010001100 20 0.358
0000010010001010 20 0.852
0000010010001001 20 0.409
0000010010000110 20 0.537
0000010010000101 20 0.74
0000010010000011 20 0.202
0000010001110000 20 0.702
0000010001101000 20 0.829
0000010001100100 20 0.069
0000010001100010 20 0.422
0000010001100001 20 0.562
0000010001011000 20 0.772
0000010001010100 20 0.832
0000010001010010 20 0.906
0000010001010001 20 0.012
0000010001001100 20 0.721
0000010001001010 20 0.203
0000010001001001 20 0.277
0000010001000110 20 0.541
0000010001000101 20 0.948
0000010001000011 20 0.904
0000010000111000 20 0.582
0000010000110100 20 0.843
0000010000110010 20 0.602
0000010000110001 20 0.88
0000010000101100 20 0.414
0000010000101010 20 0.529
0000010000101001 20 0.669
0000010000100110 20 0.843
0000010000100101 20 0.76
0000010000100011 20 0.88
0000010000011100 20 0.265
0000010000011010 20 0.794
0000010000011001 20 0.179
0000010000010110 20 0.406
0000010000010101 20 0.437
0000010000010011 20 0.212
0000010000001110 20 0.52
0000010000001101 20 0.638
0000010000001011 20 0.191
0000010000000111 20 0.358
0000001111000000 20 0.304
0000001110100000 20 0.489
0000001110010000 20 0.939
0000001110001000 20 0.835
0000001110000100 20 0.184
0000001110000010 20 0.818
0000001110000001 20 0.926
0000001101100000 20 0.422
0000001101010000 20 0.843
0000001101001000 20 0.98
0000001101000100 20 0.262
0000001101000010 20 0.26
0000001101000001 20 0.529
0000001100110000 20 0.743
0000001100101000 20 0.242
0000001100100100 20 0.428
0000001100100010 20 0.789
0000001100100001 20 0.394
0000001100011000 20 0.452
0000001100010100 20 0.444
0000001100010010 20 0.773
0000001100010001 20 0.506
0000001100001100 20 0.475
0000001100001010 20 0.906
0000001100001001 20 0.363
0000001100000110 20 0.046
0000001100000101 20 0.292
0000001100000011 20 0.867
0000001011100000 20 0.702
0000001011010000 20 0.625
0000001011001000 20 0.88
0000001011000100 20 0.602
0000001011000010 20 0.843
0000001011000001 20 0.582
0000001010110000 20 0.842
0000001010101000 20 0.012
0000001010100100 20 0.906
0000001010100010 20 0.832
0000001010100001 20 0.772
0000001010011000 20 0.634
0000001010010100 20 0.982
0000001010010010 20 0.218
0000001010010001 20 0.723
0000001010001100 20 0.212
0000001010001010 20 0.437
0000001010001001 20 0.179
0000001010000110 20 0.406
0000001010000101 20 0.794
0000001010000011 20 0.265
0000001001110000 20 0.069
0000001001101000 20 0.562
0000001001100100 20 0.422
0000001001100010 20 0.069
0000001001100001 20 0.829
0000001001011000 20 0.586
0000001001010100 20 0.26
0000001001010010 20 0.788
0000001001010001 20 0.414
0000001001001100 20 0.88
0000001001001010 20 0.76
0000001001001001 20 0.669
0000001001000110 20 0.843
0000001001000101 20 0.529
0000001001000011 20 0.414
0000001000111000 20 0.438
0000001000110100 20 0.23
0000001000110010 20 0.41
0000001000110001 20 0.776
0000001000101100 20 0.904
0000001000101010 20 0.948
0000001000101001 20 0.277
0000001000100110 20 0.541
0000001000100101 20 0.203
0000001000100011 20 0.721
0000001000011100 20 0.202
0000001000011010 20 0.74
0000001000011001 20 0.409
0000001000010110 20 0.537
0000001000010101 20 0.852
0000001000010011 20 0.358
0000001000001110 20 0.358
0000001000001101 20 0.191
0000001000001011 20 0.638
0000001000000111 20 0.52
0000000111100000 20 0.96
0000000111010000 20 0.874
0000000111001000 20 0.288
0000000111000100 20 0.765
0000000111000010 20 0.716
0000000111000001 20 0.026
0000000110110000 20 0.617
0000000110101000 20 0.44
0000000110100100 20 0.308
0000000110100010 20 0.89
0000000110100001 20 0.829
0000000110011000 20 0.589
0000000110010100 20 0.426
0000000110010010 20 0.656
0000000110010001 20 0.383
0000000110001100 20 0.198
0000000110001010 20 0.152
0000000110001001 20 0.437
0000000110000110 20 0.699
0000000110000101 20 0.339
0000000110000011 20 0.354
0000000101110000 20 0.541
0000000101101000 20 0.303
0000000101100100 20 0.428
0000000101100010 20 0.23
0000000101100001 20 0.203
0000000101011000 20 0.552
0000000101010100 20 0.046
0000000101010010 20 0.537
0000000101010001 20 0.52
0000000101001100 20 0.671
0000000101001010 20 0.267
0000000101001001 20 0.644
0000000101000110 20 0.444
0000000101000101 20 0.292
0000000101000011 20 0.852
0000000100111000 20 0.474
0000000100110100 20 0.284
0000000100110010 20 0.078
0000000100110001 20 0.128
0000000100101100 20 0.024
0000000100101010 20 0.057
0000000100101001 20 0.466
0000000100100110 20 0.284
0000000100100101 20 0.1
0000000100100011 20 0.81
0000000100011100 20 0.05
0000000100011010 20 0.798
0000000100011001 20 0.113
0000000100010110 20 0.076
0000000100010101 20 0.114
0000000100010011 20 0.07
0000000100001110 20 0.022
0000000100001101 20 0.576
0000000100001011 20 0.283
0000000100000111 20 0.114
0000000011110000 20 0.818
0000000011101000 20 0.721
0000000011100100 20 0.41
0000000011100010 20 0.789
0000000011100001 20 0.398
0000000011011000 20 0.372
0000000011010100 20 0.277
0000000011010010 20 0.823
0000000011010001 20 0.383
0000000011001100 20 0.823
0000000011001010 20 0.81
0000000011001001 20 0.888
0000000011000110 20 0.078
0000000011000101 20 0.81
0000000011000011 20 0.586
0000000010111000 20 0.383
0000000010110100 20 0.823
0000000010110010 20 0.277
0000000010110001 20 0.372
0000000010101100 20 0.358
0000000010101010 20 0.867
0000000010101001 20 0.674
0000000010100110 20 0.773
0000000010100101 20 0.558
0000000010100011 20 0.191
0000000010011100 20 0.885
0000000010011010 20 0.728
0000000010011001 20 0.143
0000000010010110 20 0.363
0000000010010101 20 0.728
0000000010010011 20 0.885
0000000010001110 20 0.07
0000000010001101 20 0.335
0000000010001011 20 0.926
0000000010000111 20 0.157
0000000001111000 20 0.398
0000000001110100 20 0.789
0000000001110010 20 0.41
0000000001110001 20 0.721
0000000001101100 20 0.776
0000000001101010 20 0.394
0000000001101001 20 0.272
0000000001100110 20 0.743
0000000001100101 20 0.394
0000000001100011 20 0.776
0000000001011100 20 0.191
0000000001011010 20 0.558
0000000001011001 20 0.674
0000000001010110 20 0.773
0000000001010101 20 0.867
0000000001010011 20 0.358
0000000001001110 20 0.128
0000000001001101 20 0.33
0000000001001011 20 0.362
0000000001000111 20 0.506
0000000000111100 20 0.586
0000000000111010 20 0.81
0000000000111001 20 0.888
0000000000110110 20 0.078
0000000000110101 20 0.81
0000000000110011 20 0.823
0000000000101110 20 0.506
0000000000101101 20 0.362
0000000000101011 20 0.33
0000000000100111 20 0.128
0000000000011110 20 0.157
0000000000011101 20 0.926
0000000000011011 20 0.335
0000000000010111 20 0.07
0000000000001111 20 0.967
