111110000 48 0.831
111101000 36 0.008
111100100 20 0.136
111100010 47 0.127
111100001 20 0.176
111011000 48 0.831
111010100 47 0.127
111010010 20 0.95
111010001 47 0.127
111001100 20 0.176
111001010 47 0.127
111001001 20 0.136
111000110 48 0.831
111000101 36 0.008
111000011 48 0.831
110111000 29 0.496
110110100 48 0.831
110110010 29 0.496
110110001 20 0.493
110101100 47 0.127
110101010 22 1.0
110101001 22 0.358
110100110 36 0.008
110100101 20 0.176
110100011 22 0.358
110011100 23 0.718
110011010 31 0.967
110011001 20 0.94
110010110 20 0.53
110010101 29 0.922
110010011 20 0.943
110001110 20 0.827
110001101 20 0.496
110001011 22 0.358
110000111 48 0.831
101111000 20 0.53
101110100 47 0.127
101110010 23 0.718
101110001 29 0.922
101101100 48 0.831
101101010 20 0.827
101101001 48 0.831
101100110 20 0.176
101100101 36 0.008
101100011 20 0.496
101011100 29 0.922
101011010 23 0.718
101011001 47 0.127
101010110 29 0.922
101010101 20 1.0
101010011 29 0.922
101001110 20 0.496
101001101 36 0.008
101001011 20 0.176
101000111 36 0.008
100111100 20 0.95
100111010 31 0.967
100111001 20 0.943
100110110 48 0.831
100110101 47 0.127
100110011 20 0.94
100101110 47 0.127
100101101 48 0.831
100101011 22 0.358
100100111 20 0.136
100011110 23 0.718
100011101 29 0.922
100011011 20 0.493
100010111 47 0.127
100001111 20 0.176
011111000 29 0.496
011110100 20 0.94
011110010 31 0.967
011110001 23 0.718
011101100 22 0.358
011101010 22 1.0
011101001 47 0.127
011100110 22 0.358
011100101 20 0.496
011100011 20 0.827
011011100 20 0.493
011011010 29 0.496
011011001 48 0.831
011010110 20 0.943
011010101 29 0.922
011010011 20 0.53
011001110 22 0.358
011001101 20 0.176
011001011 36 0.008
011000111 48 0.831
010111100 31 0.967
010111010 20 1.0
010111001 31 0.967
010110110 29 0.496
010110101 23 0.718
010110011 31 0.967
010101110 22 1.0
010101101 20 0.827
010101011 22 1.0
010100111 47 0.127
010011110 31 0.967
010011101 23 0.718
010011011 29 0.496
010010111 20 0.95
010001111 47 0.127
001111100 20 0.943
001111010 31 0.967
001111001 20 0.95
001110110 20 0.493
001110101 29 0.922
001110011 23 0.718
001101110 22 0.358
001101101 48 0.831
001101011 47 0.127
001100111 20 0.176
001011110 20 0.94
001011101 47 0.127
001011011 48 0.831
001010111 47 0.127
001001111 20 0.136
000111110 29 0.496
000111101 20 0.53
000111011 29 0.496
000110111 48 0.831
000101111 36 0.008
000011111 48 0.831
