111000000 20 0.78
110100000 20 0.499
110010000 20 0.71
110001000 20 0.671
110000100 20 0.699
110000010 20 0.504
110000001 20 0.95
101100000 20 0.699
101010000 20 0.598
101001000 20 0.699
101000100 20 0.952
101000010 20 0.556
101000001 20 0.952
100110000 20 0.71
100101000 20 0.504
100100100 20 0.78
100100010 20 0.671
100100001 20 0.95
100011000 20 0.863
100010100 20 0.598
100010010 20 0.863
100010001 20 0.172
100001100 20 0.556
100001010 20 0.768
100001001 20 0.95
100000110 20 0.699
100000101 20 0.952
100000011 20 0.95
011100000 20 0.671
011010000 20 0.71
011001000 20 0.499
011000100 20 0.95
011000010 20 0.504
011000001 20 0.699
010110000 20 0.658
010101000 20 0.952
010100100 20 0.671
010100010 20 0.952
010100001 20 0.768
010011000 20 0.658
010010100 20 0.863
010010010 20 0.117
010010001 20 0.863
010001100 20 0.768
010001010 20 0.952
010001001 20 0.671
010000110 20 0.504
010000101 20 0.556
010000011 20 0.504
001110000 20 0.863
001101000 20 0.504
001100100 20 0.95
001100010 20 0.768
001100001 20 0.556
001011000 20 0.71
001010100 20 0.172
001010010 20 0.863
001010001 20 0.598
001001100 20 0.95
001001010 20 0.671
001001001 20 0.78
001000110 20 0.95
001000101 20 0.952
001000011 20 0.699
000111000 20 0.117
000110100 20 0.71
000110010 20 0.658
000110001 20 0.863
000101100 20 0.504
000101010 20 0.952
000101001 20 0.504
000100110 20 0.499
000100101 20 0.699
000100011 20 0.671
000011100 20 0.863
000011010 20 0.658
000011001 20 0.71
000010110 20 0.71
000010101 20 0.598
000010011 20 0.71
000001110 20 0.671
000001101 20 0.699
000001011 20 0.499
000000111 20 0.78
