111111100 162 0.937
111111010 144 1.0
111111001 162 0.937
111110110 162 0.937
111110101 131 1.0
111110011 129 1.0
111101110 131 1.0
111101101 162 0.937
111101011 131 1.0
111100111 162 0.937
111011110 129 1.0
111011101 131 1.0
111011011 162 0.937
111010111 144 1.0
111001111 162 0.937
110111110 144 1.0
110111101 129 1.0
110111011 44 1.0
110110111 162 0.937
110101111 131 1.0
110011111 129 1.0
101111110 129 1.0
101111101 144 1.0
101111011 129 1.0
101110111 131 1.0
101101111 162 0.937
101011111 131 1.0
100111111 162 0.937
011111110 44 1.0
011111101 129 1.0
011111011 144 1.0
011110111 129 1.0
011101111 131 1.0
011011111 162 0.937
010111111 144 1.0
001111111 162 0.937
