111111000 40 0.526
111110100 74 0.249
111110010 98 0.102
111110001 78 0.128
111101100 74 0.249
111101010 90 0.0
111101001 74 0.249
111100110 74 0.249
111100101 74 0.249
111100011 78 0.128
111011100 78 0.128
111011010 98 0.102
111011001 74 0.249
111010110 98 0.102
111010101 90 0.0
111010011 98 0.102
111001110 78 0.128
111001101 74 0.249
111001011 74 0.249
111000111 40 0.526
110111100 98 0.102
110111010 53 0.0
110111001 52 0.174
110110110 40 0.526
110110101 78 0.128
110110011 52 0.174
110101110 90 0.0
110101101 78 0.128
110101011 20 0.0
110100111 74 0.249
110011110 23 0.0
110011101 26 0.0
110011011 52 0.174
110010111 98 0.102
110001111 78 0.128
101111100 98 0.102
101111010 23 0.0
101111001 98 0.102
101110110 78 0.128
101110101 90 0.0
101110011 26 0.0
101101110 78 0.128
101101101 40 0.526
101101011 78 0.128
101100111 74 0.249
101011110 26 0.0
101011101 90 0.0
101011011 78 0.128
101010111 90 0.0
101001111 74 0.249
100111110 98 0.102
100111101 98 0.102
100111011 52 0.174
100110111 74 0.249
100101111 74 0.249
100011111 78 0.128
011111100 52 0.174
011111010 53 0.0
011111001 98 0.102
011110110 52 0.174
011110101 26 0.0
011110011 23 0.0
011101110 20 0.0
011101101 78 0.128
011101011 90 0.0
011100111 78 0.128
011011110 52 0.174
011011101 78 0.128
011011011 40 0.526
011010111 98 0.102
011001111 74 0.249
010111110 53 0.0
010111101 23 0.0
010111011 53 0.0
010110111 98 0.102
010101111 90 0.0
010011111 98 0.102
001111110 52 0.174
001111101 98 0.102
001111011 98 0.102
001110111 78 0.128
001101111 74 0.249
001011111 74 0.249
000111111 40 0.526
