111100000 34 0.008
111010000 22 0.776
111001000 34 0.008
111000100 34 0.008
111000010 22 0.776
111000001 34 0.008
110110000 20 0.94
110101000 20 0.417
110100100 34 0.008
110100010 20 0.417
110100001 20 0.74
110011000 20 0.06
110010100 20 0.9
110010010 20 0.9
110010001 20 0.364
110001100 20 0.519
110001010 20 0.98
110001001 20 0.531
110000110 20 0.529
110000101 20 0.154
110000011 20 0.823
101110000 20 0.9
101101000 20 0.529
101100100 34 0.008
101100010 20 0.519
101100001 20 0.154
101011000 20 0.9
101010100 20 0.592
101010010 20 0.288
101010001 20 0.592
101001100 20 0.154
101001010 20 0.519
101001001 34 0.008
101000110 20 0.154
101000101 20 0.554
101000011 20 0.154
100111000 20 0.9
100110100 22 0.776
100110010 20 0.06
100110001 20 0.364
100101100 22 0.776
100101010 20 0.98
100101001 20 0.823
100100110 34 0.008
100100101 34 0.008
100100011 20 0.531
100011100 20 0.288
100011010 20 0.17
100011001 20 0.364
100010110 20 0.9
100010101 20 0.592
100010011 20 0.364
100001110 20 0.519
100001101 20 0.154
100001011 20 0.74
100000111 34 0.008
011110000 20 0.06
011101000 20 0.417
011100100 20 0.531
011100010 20 0.98
011100001 20 0.519
011011000 20 0.94
011010100 20 0.364
011010010 20 0.9
011010001 20 0.9
011001100 20 0.74
011001010 20 0.417
011001001 34 0.008
011000110 20 0.823
011000101 20 0.154
011000011 20 0.529
010111000 20 0.217
010110100 20 0.06
010110010 20 0.217
010110001 20 0.17
010101100 20 0.98
010101010 20 0.0
010101001 20 0.98
010100110 20 0.417
010100101 20 0.519
010100011 20 0.98
010011100 20 0.17
010011010 20 0.217
010011001 20 0.06
010010110 20 0.9
010010101 20 0.288
010010011 20 0.9
010001110 20 0.98
010001101 20 0.519
010001011 20 0.417
010000111 22 0.776
001111000 20 0.9
001110100 20 0.364
001110010 20 0.17
001110001 20 0.288
001101100 20 0.823
001101010 20 0.98
001101001 22 0.776
001100110 20 0.74
001100101 20 0.154
001100011 20 0.519
001011100 20 0.364
001011010 20 0.06
001011001 22 0.776
001010110 20 0.364
001010101 20 0.592
001010011 20 0.9
001001110 20 0.531
001001101 34 0.008
001001011 34 0.008
001000111 34 0.008
000111100 20 0.9
000111010 20 0.217
000111001 20 0.9
000110110 20 0.94
000110101 20 0.9
000110011 20 0.06
000101110 20 0.417
000101101 20 0.529
000101011 20 0.417
000100111 34 0.008
000011110 20 0.06
000011101 20 0.9
000011011 20 0.94
000010111 22 0.776
000001111 34 0.008
