110000000 20 0.593
101000000 20 0.91
100100000 20 0.593
100010000 20 0.474
100001000 20 0.138
100000100 20 0.91
100000010 20 0.138
100000001 20 0.759
011000000 20 0.593
010100000 20 0.376
010010000 20 0.369
010001000 20 0.376
010000100 20 0.138
010000010 20 0.55
010000001 20 0.138
001100000 20 0.138
001010000 20 0.474
001001000 20 0.593
001000100 20 0.759
001000010 20 0.138
001000001 20 0.91
000110000 20 0.369
000101000 20 0.55
000100100 20 0.593
000100010 20 0.376
000100001 20 0.138
000011000 20 0.369
000010100 20 0.474
000010010 20 0.369
000010001 20 0.474
000001100 20 0.138
000001010 20 0.376
000001001 20 0.593
000000110 20 0.593
000000101 20 0.91
000000011 20 0.593
